0.26397655333027575 0.16009074552476504 -0.03918431017290811 0.11990100563436833 0.16308575283004398 0.2370352475393133 0.42569707147427815 -0.5263382511929895 0.061306377340483144 0.060429921827396496 0.2909997831787923 -0.08297356219507733 0.04707357673491292 0.0537579803930221 -0.23098241071822345 0.05887369606903433 -0.03441772980602061 0.08601031624277498 -0.029925705940787126 -0.34358097609770694 5.558602893326972E-4 -0.30566514879444284 0.04888768508230806 0.2022329762728175 0.11543649509605 -0.25314087106215066 -0.3474675857203434 0.013938927093657386 0.14061852470342737 0.06940216343578508 1.8561405448846198 -0.2829803288591656 -0.010643001734349783 -0.700249723198368 -0.03124812512603458 0.08589229533745577 0.030485641197381546 0.09662766715876069 -0.027760730232824018 0.37416094212404816 0.19403248776451995 -0.13543688389124997 -0.10040060590654859 0.4971630674101553 -0.2929578028121118 -0.06930886369849823 0.6194311756487786 0.24102658943679955 -0.0011887891279071551 -0.0038522128632198826 
416.2151233492818 0.0 0.0 0.0 0.0 0.0 0.0 0.0 0.0 0.0 0.0 0.0 0.0 0.0 0.0 0.0 0.0 0.0 0.0 0.0 0.0 0.0 0.0 0.0 0.0 0.0 0.0 0.0 0.0 0.0 0.0 0.0 0.0 0.0 0.0 0.0 0.0 0.0 0.0 0.0 0.0 0.0 0.0 0.0 0.0 0.0 0.0 0.0 0.0 0.0 
-68.93291560966534 352.7831442671423 0.0 0.0 0.0 0.0 0.0 0.0 0.0 0.0 0.0 0.0 0.0 0.0 0.0 0.0 0.0 0.0 0.0 0.0 0.0 0.0 0.0 0.0 0.0 0.0 0.0 0.0 0.0 0.0 0.0 0.0 0.0 0.0 0.0 0.0 0.0 0.0 0.0 0.0 0.0 0.0 0.0 0.0 0.0 0.0 0.0 0.0 0.0 0.0 
71.46688752879261 -33.64914936839568 348.62294309802695 0.0 0.0 0.0 0.0 0.0 0.0 0.0 0.0 0.0 0.0 0.0 0.0 0.0 0.0 0.0 0.0 0.0 0.0 0.0 0.0 0.0 0.0 0.0 0.0 0.0 0.0 0.0 0.0 0.0 0.0 0.0 0.0 0.0 0.0 0.0 0.0 0.0 0.0 0.0 0.0 0.0 0.0 0.0 0.0 0.0 0.0 0.0 
74.89008484488207 -21.90517831415093 55.69620905350375 337.09208560264267 0.0 0.0 0.0 0.0 0.0 0.0 0.0 0.0 0.0 0.0 0.0 0.0 0.0 0.0 0.0 0.0 0.0 0.0 0.0 0.0 0.0 0.0 0.0 0.0 0.0 0.0 0.0 0.0 0.0 0.0 0.0 0.0 0.0 0.0 0.0 0.0 0.0 0.0 0.0 0.0 0.0 0.0 0.0 0.0 0.0 0.0 
98.53256482116797 15.578922325434887 6.681868525384666 53.09916247685893 388.7319615276418 0.0 0.0 0.0 0.0 0.0 0.0 0.0 0.0 0.0 0.0 0.0 0.0 0.0 0.0 0.0 0.0 0.0 0.0 0.0 0.0 0.0 0.0 0.0 0.0 0.0 0.0 0.0 0.0 0.0 0.0 0.0 0.0 0.0 0.0 0.0 0.0 0.0 0.0 0.0 0.0 0.0 0.0 0.0 0.0 0.0 
47.01824892483586 -18.976292170083624 -76.55196438213719 -25.71966633753749 0.3310153231632531 325.724618116205 0.0 0.0 0.0 0.0 0.0 0.0 0.0 0.0 0.0 0.0 0.0 0.0 0.0 0.0 0.0 0.0 0.0 0.0 0.0 0.0 0.0 0.0 0.0 0.0 0.0 0.0 0.0 0.0 0.0 0.0 0.0 0.0 0.0 0.0 0.0 0.0 0.0 0.0 0.0 0.0 0.0 0.0 0.0 0.0 
143.16016958523323 -90.03352838294641 -18.760208133713018 127.48867104987139 159.52473483028504 158.13913821582776 419.59913276096927 0.0 0.0 0.0 0.0 0.0 0.0 0.0 0.0 0.0 0.0 0.0 0.0 0.0 0.0 0.0 0.0 0.0 0.0 0.0 0.0 0.0 0.0 0.0 0.0 0.0 0.0 0.0 0.0 0.0 0.0 0.0 0.0 0.0 0.0 0.0 0.0 0.0 0.0 0.0 0.0 0.0 0.0 0.0 
1.9148539632068284 -49.42978300609021 -8.116624057663573 -41.75920098860489 -105.03520769177763 -14.28375658230238 29.90811011190865 343.0781852801826 0.0 0.0 0.0 0.0 0.0 0.0 0.0 0.0 0.0 0.0 0.0 0.0 0.0 0.0 0.0 0.0 0.0 0.0 0.0 0.0 0.0 0.0 0.0 0.0 0.0 0.0 0.0 0.0 0.0 0.0 0.0 0.0 0.0 0.0 0.0 0.0 0.0 0.0 0.0 0.0 0.0 0.0 
46.52346581967757 -7.054597375016805 72.82877139419834 62.4053998544182 -54.04238738005806 -11.383328860857207 -83.28428439181215 -12.64308852551934 330.50900489625013 0.0 0.0 0.0 0.0 0.0 0.0 0.0 0.0 0.0 0.0 0.0 0.0 0.0 0.0 0.0 0.0 0.0 0.0 0.0 0.0 0.0 0.0 0.0 0.0 0.0 0.0 0.0 0.0 0.0 0.0 0.0 0.0 0.0 0.0 0.0 0.0 0.0 0.0 0.0 0.0 0.0 
4.554755748454261 -32.3765557024668 -55.12016022862449 -23.25124385527338 -10.376058821763731 58.19453185435427 68.11496849508688 -59.410240016004835 -25.457603421355206 342.6823990520899 0.0 0.0 0.0 0.0 0.0 0.0 0.0 0.0 0.0 0.0 0.0 0.0 0.0 0.0 0.0 0.0 0.0 0.0 0.0 0.0 0.0 0.0 0.0 0.0 0.0 0.0 0.0 0.0 0.0 0.0 0.0 0.0 0.0 0.0 0.0 0.0 0.0 0.0 0.0 0.0 
48.43521180145212 -55.89810642544795 -55.13822427599534 49.69831404203198 27.758519316266405 74.45583182644212 54.757248458680756 -31.236550705163335 40.71123118509376 71.93996264453673 302.56343209925825 0.0 0.0 0.0 0.0 0.0 0.0 0.0 0.0 0.0 0.0 0.0 0.0 0.0 0.0 0.0 0.0 0.0 0.0 0.0 0.0 0.0 0.0 0.0 0.0 0.0 0.0 0.0 0.0 0.0 0.0 0.0 0.0 0.0 0.0 0.0 0.0 0.0 0.0 0.0 
-2.315666985786671 10.570555387487774 -29.454143493825512 12.768361372893443 24.988549511187305 28.451601774322803 34.206984261963406 -70.50002965060268 9.858936088419211 55.40899279016358 35.55059186271541 281.99288260382866 0.0 0.0 0.0 0.0 0.0 0.0 0.0 0.0 0.0 0.0 0.0 0.0 0.0 0.0 0.0 0.0 0.0 0.0 0.0 0.0 0.0 0.0 0.0 0.0 0.0 0.0 0.0 0.0 0.0 0.0 0.0 0.0 0.0 0.0 0.0 0.0 0.0 0.0 
-20.632480461268734 -17.82192558472198 -47.646492522814334 -13.568418540535411 -80.50155688704973 -12.817246387464797 -39.71584490095365 78.89887358529933 25.408082582685093 42.16475851156049 28.075122806230986 -22.666560277185734 319.49412130224835 0.0 0.0 0.0 0.0 0.0 0.0 0.0 0.0 0.0 0.0 0.0 0.0 0.0 0.0 0.0 0.0 0.0 0.0 0.0 0.0 0.0 0.0 0.0 0.0 0.0 0.0 0.0 0.0 0.0 0.0 0.0 0.0 0.0 0.0 0.0 0.0 0.0 
20.707593236619463 -4.411056113930624 52.38988382474985 8.516720987113953 -12.040377618089462 34.72793704406878 5.635044949619256 -7.96198982929923 -56.37956607200605 32.64445765518507 5.638470729485239 38.52587498863541 -12.90085553512497 301.4992068762462 0.0 0.0 0.0 0.0 0.0 0.0 0.0 0.0 0.0 0.0 0.0 0.0 0.0 0.0 0.0 0.0 0.0 0.0 0.0 0.0 0.0 0.0 0.0 0.0 0.0 0.0 0.0 0.0 0.0 0.0 0.0 0.0 0.0 0.0 0.0 0.0 
-35.394172430090315 -43.34155665211748 31.196508131034093 1.3733617848033182 73.92685271554679 -36.613318231255214 -60.031445822813915 -19.937427124144236 3.6295333562941035 39.66669875471475 -85.53674022216626 25.321570122613238 -30.964416737950494 -56.88680363095516 315.2293107146483 0.0 0.0 0.0 0.0 0.0 0.0 0.0 0.0 0.0 0.0 0.0 0.0 0.0 0.0 0.0 0.0 0.0 0.0 0.0 0.0 0.0 0.0 0.0 0.0 0.0 0.0 0.0 0.0 0.0 0.0 0.0 0.0 0.0 0.0 0.0 
47.731901155978136 -5.0160667484183445 20.990000006104605 24.05446967491183 -35.3993771487958 -5.234850199964473 7.500494092127442 13.80157356197227 4.718355790359459 5.660411848819698 66.36468191829115 -36.78179060988565 16.668627912219204 -19.402898729526306 -22.222263929149168 244.37522082508124 0.0 0.0 0.0 0.0 0.0 0.0 0.0 0.0 0.0 0.0 0.0 0.0 0.0 0.0 0.0 0.0 0.0 0.0 0.0 0.0 0.0 0.0 0.0 0.0 0.0 0.0 0.0 0.0 0.0 0.0 0.0 0.0 0.0 0.0 
31.7903878865407 18.685631320990232 -31.604076962533565 37.320980440839705 86.35864429486266 -18.4842497574619 -13.726643098124617 8.465053567093337 16.577405606304097 31.552931213241493 -8.195348277791695 -39.36808373629804 -62.66847266797699 -7.443021070157013 -55.41235609801045 88.18464517494591 306.75340562130816 0.0 0.0 0.0 0.0 0.0 0.0 0.0 0.0 0.0 0.0 0.0 0.0 0.0 0.0 0.0 0.0 0.0 0.0 0.0 0.0 0.0 0.0 0.0 0.0 0.0 0.0 0.0 0.0 0.0 0.0 0.0 0.0 0.0 
-38.60876549695603 43.23598777255071 41.701416294321874 2.324923120875266 -52.02169686457535 -36.54378123375862 -35.807220928633804 -41.43398851078386 -38.50019592208056 37.15391645069622 73.49755479786867 -4.177454985359055 -4.0308301142541545 -3.061148833103874 -63.03331471099803 -29.24202104852153 45.53878628786277 298.2667107101445 0.0 0.0 0.0 0.0 0.0 0.0 0.0 0.0 0.0 0.0 0.0 0.0 0.0 0.0 0.0 0.0 0.0 0.0 0.0 0.0 0.0 0.0 0.0 0.0 0.0 0.0 0.0 0.0 0.0 0.0 0.0 0.0 
-8.081227129237202 -86.93635183552679 -47.285273811952784 35.51164899255045 -27.885241566841252 16.92499962012778 28.816942459354337 -13.547977381506062 -42.35683008197778 -8.90053853038819 -50.46112309462415 26.654801084861155 40.30282878276749 -23.432778074491758 20.923388530502805 41.28941669623073 -42.659006085261005 -15.700209328744481 320.5260724654771 0.0 0.0 0.0 0.0 0.0 0.0 0.0 0.0 0.0 0.0 0.0 0.0 0.0 0.0 0.0 0.0 0.0 0.0 0.0 0.0 0.0 0.0 0.0 0.0 0.0 0.0 0.0 0.0 0.0 0.0 0.0 
-81.67708752531674 71.13536921779884 -64.99667716685798 4.921447997277615 -126.88073024099776 -57.332048365839114 -33.24619958590205 13.71909300858547 41.0959305259205 -68.2577355229429 9.511186454332492 -10.578625075281705 13.05065334717839 -63.293836503469464 3.410794250183492 23.747120929939047 -38.91156543633142 26.99904630229766 36.61322851319445 330.0119899012309 0.0 0.0 0.0 0.0 0.0 0.0 0.0 0.0 0.0 0.0 0.0 0.0 0.0 0.0 0.0 0.0 0.0 0.0 0.0 0.0 0.0 0.0 0.0 0.0 0.0 0.0 0.0 0.0 0.0 0.0 
-107.15929633918557 55.554048131147965 57.69682103120247 -34.3064242388338 -25.092423950032018 -60.853195710870985 -141.21291692601568 -45.51548085803879 8.750603872142559 59.463393946165674 -70.32636035642815 62.19871256787094 -43.63523205118051 19.10592629318402 3.674559902688106 10.31054367031309 2.7985560526666555 86.94234939221253 -26.87549679465871 -20.102073926079644 272.96525312637107 0.0 0.0 0.0 0.0 0.0 0.0 0.0 0.0 0.0 0.0 0.0 0.0 0.0 0.0 0.0 0.0 0.0 0.0 0.0 0.0 0.0 0.0 0.0 0.0 0.0 0.0 0.0 0.0 0.0 
-102.6355451293324 63.573545883552306 -81.93885542736234 -97.05361989367432 -91.79955384919323 -55.149035769975505 -127.28541935520867 14.617486097391751 0.6201682434374117 74.98117554306694 -48.22620176812742 -12.13168901534698 -33.46660139461617 52.64217535114368 -7.542654523478216 1.4292100444548728 -66.34428334476777 55.62618571969959 -4.440914858064285 28.178120691763 7.155493411343477 272.46710562599293 0.0 0.0 0.0 0.0 0.0 0.0 0.0 0.0 0.0 0.0 0.0 0.0 0.0 0.0 0.0 0.0 0.0 0.0 0.0 0.0 0.0 0.0 0.0 0.0 0.0 0.0 0.0 0.0 
7.632783747885933 -61.07789517687951 36.93536949641434 -19.42410102859033 3.5902286840968287 68.45556327376335 19.084386750305143 38.946279166744105 71.7817654137778 19.983109946394055 -25.724627173040986 42.852130416835756 94.74568023992981 7.861311069831998 76.09267029776335 -50.96600801092623 18.7129675128636 -48.45846603777274 -45.034067667667244 37.52495721973507 1.771205690447601 26.45236544017522 310.2961655801698 0.0 0.0 0.0 0.0 0.0 0.0 0.0 0.0 0.0 0.0 0.0 0.0 0.0 0.0 0.0 0.0 0.0 0.0 0.0 0.0 0.0 0.0 0.0 0.0 0.0 0.0 0.0 
27.797067419764627 -47.66569631366773 3.633906585003507 12.211237022680406 70.26957257710399 -19.535212982063495 2.2799611962780335 24.43423871219545 -25.42966393154024 -56.892095806103924 -2.6175176477351947 -26.604488219808278 -33.51401696543963 10.017263643528434 48.20545043517585 -48.74170167150068 6.086547531018559 8.905526820413886 61.38858879823122 -12.849335231877038 -42.11866570422359 -57.010662866679375 59.713069499002295 304.49202841519957 0.0 0.0 0.0 0.0 0.0 0.0 0.0 0.0 0.0 0.0 0.0 0.0 0.0 0.0 0.0 0.0 0.0 0.0 0.0 0.0 0.0 0.0 0.0 0.0 0.0 0.0 
14.075964181145688 2.336507756662783 -13.744420710647894 -56.00820718962385 -72.79543895736172 36.31991095063256 29.35105508191256 -5.783652392832729 -9.161274294028852 71.66703359008042 6.719296037363551 71.12520643625065 61.07981372683827 4.5720441093632544 3.170456926539933 -25.270988433238678 -7.581759638036156 -6.163770704919679 -29.045301360746414 2.262604990548561 -3.567761281173281 89.75883351851847 -52.22724805232964 8.536610925237927 276.6875466137618 0.0 0.0 0.0 0.0 0.0 0.0 0.0 0.0 0.0 0.0 0.0 0.0 0.0 0.0 0.0 0.0 0.0 0.0 0.0 0.0 0.0 0.0 0.0 0.0 0.0 
243.05168369498983 -85.8631209055495 -16.549013503156807 108.58558171667745 80.16588498429589 89.72409153151352 217.37111985099787 -111.26208771682971 -50.45046605831946 66.31515882243419 26.80686228000847 -32.70969998287913 78.05572801172109 64.27554349011912 51.0227689864016 -33.40692272710521 44.930983505263825 -99.07729573480768 49.63364860668019 -113.35346589388595 12.215735094803085 -23.768429100662022 51.942188988931605 63.03324670398044 44.140728473345845 352.0247075815569 0.0 0.0 0.0 0.0 0.0 0.0 0.0 0.0 0.0 0.0 0.0 0.0 0.0 0.0 0.0 0.0 0.0 0.0 0.0 0.0 0.0 0.0 0.0 0.0 
29.91353638242555 -32.421002007589166 63.719455086920114 -6.633927612784275 -27.88520814597301 -41.40387515987255 37.85658152952912 77.50351147204461 59.10037491765839 -33.5667586598557 -18.09308003385206 3.5923268498890875 5.119117855181286 -14.143041836187015 -63.388434369788875 49.71098658102026 16.011586190238102 73.11971384649682 -4.068475639916369 -8.762929529517203 -9.391590575339267 -8.082259051812583 -8.26331643415493 28.527315225016583 -7.691318833310757 2.3318993913936463 297.5694357070307 0.0 0.0 0.0 0.0 0.0 0.0 0.0 0.0 0.0 0.0 0.0 0.0 0.0 0.0 0.0 0.0 0.0 0.0 0.0 0.0 0.0 0.0 0.0 
121.63541290001046 -14.840878403480591 8.670504168173752 -19.882412527753953 14.021937843413317 11.423943858065192 37.46677790978475 76.09038281117114 -16.154864219383214 -27.96656981025456 -51.57182050268009 -100.9087445778629 28.744330984612372 55.09543360496989 -53.50928030709051 100.18232658671853 -26.921928799543682 -11.536124310155952 -30.25669855905954 -117.7539533785561 -75.98963143771333 -76.00443114513597 74.95442193499784 -48.66778163511065 9.20985154392198 21.98530109459287 30.070571596173707 239.71069106642628 0.0 0.0 0.0 0.0 0.0 0.0 0.0 0.0 0.0 0.0 0.0 0.0 0.0 0.0 0.0 0.0 0.0 0.0 0.0 0.0 0.0 0.0 
113.02386298407677 -83.15229510711757 46.01414984881895 18.155067129926607 29.897362409124014 62.26851113362825 66.64457943315608 43.141841068998446 2.8985574296375085 79.4193925268095 -86.95373942639768 12.491166365625258 -19.94933854295831 28.26519103913319 22.18791263909234 89.97638989087461 21.242954203779668 -21.654220709989467 -48.742886772987994 -103.50501896729615 -64.56633366722177 -34.34613075263267 -21.906810182572286 14.403758296167615 0.2668718823070869 23.104156531591094 38.67971645436583 53.23243756223677 276.8099601700026 0.0 0.0 0.0 0.0 0.0 0.0 0.0 0.0 0.0 0.0 0.0 0.0 0.0 0.0 0.0 0.0 0.0 0.0 0.0 0.0 0.0 
23.736015245110007 -16.46212952144124 -2.3379149052955768 -8.941842397242965 22.048300136255765 -13.16835327327352 86.94099523646226 -6.3842217989026375 50.568535799939376 41.23888382473588 69.17621587745955 22.489633394285914 -54.05639402777619 -4.203658718119013 83.95677449304934 33.60498162473487 84.26710257723067 -22.517364505129777 -18.236339344845216 -15.342307210909846 -3.1463407227811384 19.843274327118085 -32.80340558744866 -15.49090737139876 12.343939491008717 -24.30488222904671 0.7026781046512056 -88.52828128288424 70.28201740297655 253.91599923518348 0.0 0.0 0.0 0.0 0.0 0.0 0.0 0.0 0.0 0.0 0.0 0.0 0.0 0.0 0.0 0.0 0.0 0.0 0.0 0.0 
-96.63653119524447 133.64954112537694 -25.91213155341037 -39.82988161585167 -17.302597678980558 -72.71262500621923 -285.04904925025954 74.9974791130287 5.698829329749496 -12.754824908486498 -16.79153865209637 -80.12567007501391 -7.094577980551757 -27.600790609956753 -76.28327574268953 21.132703256131162 4.1305930229876076 2.0165971076950417 -1.9496227749556552 -34.70120567944283 32.958256371450304 8.553841329195718 25.482513490765047 -72.91412190777318 -41.46695604933545 -311.0682089180781 1.1026266733090622 -42.983458027432604 91.161516645428 26.380432149945626 356.51084976476454 0.0 0.0 0.0 0.0 0.0 0.0 0.0 0.0 0.0 0.0 0.0 0.0 0.0 0.0 0.0 0.0 0.0 0.0 0.0 
21.587582484319643 4.988584587604454 43.262393328901965 -29.215388321880916 -54.77159453916976 24.658551557537034 56.410094196993526 74.02518635765908 72.06186024738265 -1.6590213026588052 6.276410965647994 -30.27533387242593 30.27437807117444 -11.921879274208457 13.623434657103571 -13.210251562293 -51.0761210777489 39.52024520757885 -1.103399800491362 -19.777746973316756 -24.607452479268424 39.329561563376416 10.550270047278856 32.5790337296871 -35.07360118479152 -0.09339353319649797 44.78677498671646 -58.60281670228421 6.738601923603116 -33.11531948479849 -14.704076237680392 276.82462044963455 0.0 0.0 0.0 0.0 0.0 0.0 0.0 0.0 0.0 0.0 0.0 0.0 0.0 0.0 0.0 0.0 0.0 0.0 
72.4861004656797 29.56027786778091 -11.58949494011051 -15.299144847194007 -26.100725029940886 44.553040015331696 12.269247568371537 45.34448454236314 10.254332529067542 1.30035048624383 -16.921946187884632 -18.14350137289313 61.77117257115854 -8.584606274668875 -38.25537760328126 16.78568031919844 -45.595420899061274 8.806665790339578 -15.164293602562637 -22.986551702322245 3.3997373873090884 -40.370473584410746 22.979788988666673 6.73056432991032 25.573674046882473 75.54784315573933 -18.645459850849143 92.78250904270875 -58.113018665673074 13.307344552177877 84.41274781391539 40.848140650411914 225.47306982152543 0.0 0.0 0.0 0.0 0.0 0.0 0.0 0.0 0.0 0.0 0.0 0.0 0.0 0.0 0.0 0.0 0.0 
6.102001916424952 -55.625835302202724 88.60521985560153 -30.01184711721086 -5.975482243439864 17.425181777091073 47.72047794952788 90.29323451458997 -23.629311888598554 -41.59818716117331 -79.82134090719404 44.742902935785516 -13.728580471454325 58.14311975856701 14.232869113280588 22.177606126543566 -5.969956196050683 -6.315936789499271 -13.285823090863254 -29.593025412205105 -62.059778713985914 -138.68394686611114 -23.16928227940862 57.27792740017611 -13.453441354591371 98.3362920542969 10.99402906823535 70.48204715445056 39.04247902876598 19.60827506029934 50.876949956630504 21.145258492283304 -64.79715684956837 274.61230442464296 0.0 0.0 0.0 0.0 0.0 0.0 0.0 0.0 0.0 0.0 0.0 0.0 0.0 0.0 0.0 0.0 
-14.558596688049835 28.73667542208328 13.318461061701505 -46.914693388567144 2.954574947013567 -7.627661833787283 0.6559697492426992 42.70908156192498 -50.507758032497165 6.460876035970063 15.800425190143299 21.254928088381394 -2.557522793583654 -50.5327934330416 -41.20382518411189 -1.0203254693691082 -7.604957263518965 54.42260129633136 -16.229753495883458 -83.57400977768029 -25.492672759146505 -17.9721126570437 -9.319955468562195 70.69741341859181 -30.71586941220322 17.839176460546984 -42.79430217691553 -48.76994285404542 4.5686822588679 -15.578857256189602 14.095889221233906 -55.68306319371941 -2.4606362343629127 35.12401785122597 251.5140007833952 0.0 0.0 0.0 0.0 0.0 0.0 0.0 0.0 0.0 0.0 0.0 0.0 0.0 0.0 0.0 
18.98444255204256 -17.381365370169636 6.581976338910899 -6.3655208102204135 -70.36511132064838 -16.444513092055598 -19.256694098800526 -5.03081396466328 -42.67557444162523 -3.528204098481185 -51.980282207245004 7.76801004748884 63.99981554048404 31.42155020731196 39.696874376065715 12.989574463893101 -21.704288659857735 60.876059566728955 71.05392406588365 -3.2562458216655767 12.37130278356113 34.91786654152462 -31.339659360547877 -51.52122750308782 -52.813040377838355 62.518664538949906 -28.2292733133889 11.42676945721134 65.95733166215231 -62.73216866448839 66.56161491726799 -6.512055978371339 16.264250424361677 -54.76594252585851 22.872325063396488 198.90073865625374 0.0 0.0 0.0 0.0 0.0 0.0 0.0 0.0 0.0 0.0 0.0 0.0 0.0 0.0 
-1.7352423293751227 -19.49685497280663 53.44242594670768 -27.94325838590055 41.85517872643765 3.9899937947716158 59.92267276629075 6.033612639537511 -13.70607647812024 -22.72234448375053 -6.712015009845181 2.762094376672584 -28.849745252966297 31.711443115654976 56.43975068853366 -6.429453122816117 -87.81164159091978 -3.9985275390124078 -35.196564158791695 -54.83051638110392 12.81935991606326 -43.34930920174642 -94.87084522466523 13.896945114528805 -20.290230696313053 59.95155874717504 4.321292790319745 13.732961632477837 -61.56963066942829 -85.48366589644598 70.90351384962187 -86.23291442773008 -50.703503017682664 -7.100656815006418 1.6506885336726653 -4.306109570451434 191.94911207654644 0.0 0.0 0.0 0.0 0.0 0.0 0.0 0.0 0.0 0.0 0.0 0.0 0.0 
-0.03118675833815352 58.039418277105234 -46.430187266746046 -33.89034914057187 -7.823615102180851 -21.989448067172106 -42.131104711018565 -105.41574182931767 -5.684099511763763 -3.4777349360259517 40.437576107045665 -23.248957527072292 -15.428164343410748 0.09684979271743642 -41.689178700830944 11.784225707586703 34.69668190144881 81.2004487621129 39.33501938642523 -8.530777661411408 47.38269362278605 -12.309338359869233 57.71247752657243 -80.70524484059077 48.8300375245836 -9.443096403201928 -11.061524148327084 -41.10840691973164 -34.77389951344636 -5.239816750920091 -44.05977537262768 -41.46881686822113 47.48166719530985 11.754082021053485 52.764011961761724 53.24217574023895 -9.317281608043997 223.5573392480764 0.0 0.0 0.0 0.0 0.0 0.0 0.0 0.0 0.0 0.0 0.0 0.0 
-75.61277402714575 74.18469347486057 -0.2908775055801605 -5.7967646470092244 -54.52025141145787 19.129909921701962 -54.32759697121465 28.637965216672953 99.015821704806 -4.540299094917944 91.7868077527994 -52.07814140289765 -12.442727807476244 -58.379866380973645 -4.743124264210394 28.394517812693294 1.860399660252989 84.91643925096751 -16.980555542397166 55.34525464119229 39.835582444487024 24.941186616349867 16.13740093368548 -98.88461048191131 -20.552074587972722 32.42349038517106 -24.992269964666384 8.703639632609685 -67.76598603363453 -8.375814522826547 6.353354560169941 -30.768376603262215 -23.539968835104542 -62.83817201142555 -24.83535414237635 2.1737389771293554 -92.46673888409642 63.03813337360472 258.4728329972557 0.0 0.0 0.0 0.0 0.0 0.0 0.0 0.0 0.0 0.0 0.0 
78.31875975952973 2.7437302876364127 -33.90756862899703 55.06959761735809 37.87350121115615 -3.0730412060566614 60.394598865288394 -32.53669627724 13.487343048448507 -46.42530097002718 71.82758202962792 -31.286871607389823 -68.50353552229967 -29.684609660211866 -41.572800685928065 -48.919684049167245 54.64475396335505 -19.22574451298603 -35.562770270307155 -28.042415389357675 69.41644383081517 -58.088837694733 -0.19266730415782993 22.48222168425553 68.98991215192706 -25.256427662909054 70.47565473610271 -28.358741739767886 67.1444017926938 -46.1098700749183 -30.593865978986475 -41.06391448705693 17.686016495949932 30.800465988256054 19.0880540348057 -13.637509591847492 58.919221813552724 -46.34850222945959 62.6748594834338 179.90241723276165 0.0 0.0 0.0 0.0 0.0 0.0 0.0 0.0 0.0 0.0 
46.17478282424161 10.3474369664782 68.04557347461596 19.235529102382618 123.13647076654418 2.8176028567244256 40.45518337394535 -99.19968016311248 -18.035613755853927 50.82013659051354 24.075416873248752 92.48853842542545 1.6510503171086408 10.589540474365489 2.3746850244239566 -85.678635238749 -57.69596006607189 -62.00737467287768 -2.205681977298522 -71.99235768826661 27.36319325288794 4.04853441596269 32.89801788390155 97.0183197334314 -10.158779628300957 45.66200422131118 -24.41547994518479 79.14057598962327 -14.77986091362096 13.189866821165097 -39.319116212867776 -86.39366759575175 -45.095492411120155 49.09233685402682 -97.2223592390609 104.21224617913427 40.77256930970027 53.5429498103357 1.8024863426208526 -26.09524095343351 129.52142129337582 0.0 0.0 0.0 0.0 0.0 0.0 0.0 0.0 0.0 
17.187137958580973 -56.97380275136364 48.646348247655254 36.23481821263651 12.873585400937351 -20.935769333092534 6.4220769261244826 63.50782119607374 18.98227526073847 -20.818490318567353 -25.148504737537955 -39.2169065465329 52.149227363280524 -15.85315364365427 21.18933067764406 27.57979143035412 -9.245166547074012 -47.296489978280995 -54.210274894015676 -11.935291560850791 -21.239386166967723 27.29287255952634 -12.025516569899173 16.431114368897237 -38.3171166897369 -86.78021380577783 -15.221593127388244 52.030276744582316 -35.888280194712216 18.502135149498947 13.962696593393446 48.19003551838492 8.746722535183743 21.102384155250242 17.822371459408508 74.53298762793229 -32.765165895833725 29.798885321734865 20.44274703454992 95.11842233841075 -3.394916258756558 140.3298231364939 0.0 0.0 0.0 0.0 0.0 0.0 0.0 0.0 
-48.93065955842321 56.28567750622284 -24.651340937281457 -37.74573477204267 -88.04551907994754 -46.88362585516216 -72.77325659664008 -29.109337565988298 -1.4098585142283822 -94.28761078626573 -43.76945150027196 21.262454099846547 40.80414644898763 42.5915071419311 46.16837096083941 1.5107728477842133 47.694032514730964 7.955625922910848 -8.469080820108049 9.185705348848975 1.0549697030776526 96.47076129061408 -32.326042534330554 -20.443882991061148 -54.717781019138805 -101.787811204979 -21.277492061987843 28.61873902031253 81.14611064092342 -6.270761519595798 -18.10970996606713 -15.527457197752472 96.55310352689695 58.20339267437142 100.36283951577558 -69.35511895826954 -41.5412556764547 24.704998523635528 -9.87430941130984 -36.8831741440225 8.998933964067291 -80.84226534177645 115.85310775104129 0.0 0.0 0.0 0.0 0.0 0.0 0.0 
39.82956572861997 -26.224986316254284 -52.93149979519483 13.766873452034597 79.37566636495615 43.9812536037779 102.39470485627815 -78.60692316375432 10.536807058700346 16.244685785370137 -24.311441412259637 75.297798422371 -11.325386834723481 -26.34872233035152 9.438108575028576 6.615696701527648 -9.173472053232318 5.332009103138097 1.8254039037393355 -53.82568014898265 -38.855555781545725 22.010418229517626 -28.34082877204856 71.70793350406132 7.695087789880554 21.033325143334384 69.23605646069427 -120.09967289538679 -19.082331760517036 -4.891546126013849 -59.52361742291517 -72.35288232864372 57.0889358259715 -28.329903786663138 -34.76955979956736 -18.91925105443867 25.79983542878954 55.59684176209433 24.800439446430648 64.07443716706406 -12.423142619512785 -124.15642353784372 -116.73788401243738 133.4280002342058 0.0 0.0 0.0 0.0 0.0 0.0 
-11.575419488137136 15.18235657438315 -36.519234163031015 -78.23344112404999 -107.46375632678343 -13.189546012306026 -66.28575315579174 -11.760897425063689 -0.5044518910632108 87.21631737327019 -13.521383877735266 -5.652966180094268 10.912826771442111 45.86000404042489 52.601996474411884 6.994383734879857 -32.93028920879218 43.67747065860157 -17.535846568049493 -6.5344662507312705 -25.367869751607905 49.85887410343388 18.890819094602325 -34.46983502363631 -19.405586946072003 -39.462874759400236 54.98545902466817 -94.12753149470568 23.644547500879185 -15.213746097992814 -66.33136974212695 -5.6097668508255785 81.57334361151474 27.375317475452103 -78.19229685959537 131.49027857361818 46.90118277680104 -92.11425475767221 77.21486578455598 -133.7510376699061 13.34323511260891 -0.8547956871156832 14.524710783845482 -58.48437373187763 180.1730225871312 0.0 0.0 0.0 0.0 0.0 
-93.97017736270067 51.32490110173993 21.31873653333381 25.50451402389383 -24.255263460173218 -58.849174615548876 -78.86453630626593 -32.483465885526876 -18.063594135886035 -6.069583129894973 -91.4150251492476 36.66234819151113 46.18463454065907 25.959246578947685 -0.6697370632712379 64.21114645992408 -39.03536187463103 51.356978395601196 -42.27558303110797 45.37902202256798 -13.116739666413567 -35.62678939382986 22.666477961358957 2.1140826695551156 -6.551202460022789 -40.33646821244258 -62.30422389295754 -32.15620685723714 6.898001607159355 35.094735705828974 47.2622219686807 22.03852217827671 -27.66614966513449 14.82955440867668 -18.632595787656225 17.961150218462016 12.211786470135541 13.51314976035991 72.85703461704081 1.7118103254549537 76.03911320166559 -25.564874999482797 139.01739705835732 -90.59415547388731 -67.39135488014796 157.44008414610687 0.0 0.0 0.0 0.0 
81.55921659181904 18.475774820888965 -8.831377878813656 8.965909742434539 41.54354212885088 105.68272918399119 214.616820786336 -117.11574791068718 1.450397982805728 2.5401755895815508 58.19203977162018 -18.21281328481321 -13.070137745151582 25.054485400543182 -7.205409098778758 -31.37030746741143 -77.92782620135502 -62.917951562250906 -47.58833777303954 -33.979989797195536 -17.01227035009858 5.224973851874829 1.892071940103564 66.31499985995812 134.28115670642396 97.72144710465703 -19.084077445690617 -12.718299707058149 -23.496205662230423 -56.615286713793104 -6.720874963028217 -48.07519284333811 -35.05851596504717 -38.242104593069776 87.12774023290181 53.845406801399804 -145.01310846955684 27.67283919067615 48.17555297640083 -53.82969830583608 39.14235987355506 41.627496007255886 -61.40833583111704 19.117686181749605 30.802510779761448 -41.90388350165295 80.53680883615824 0.0 0.0 0.0 
-15.174541768396567 -74.93824379395942 -27.569411172162056 45.026943150773874 -11.958198195502508 39.605903369383455 18.720520241574395 -27.226054853712903 13.723104161704079 24.299006114587264 54.36745074149287 28.537962254940823 23.741309951354552 -81.48582298305985 58.58809157730709 -72.15884988179126 3.128602720140651 -70.19156976326754 55.40359700296977 37.85304946776905 40.51751583015828 46.72613818235528 26.38084252538025 -61.15906110286386 56.97956095816623 -42.0657874662357 -45.43746356271752 -10.72642346322733 -56.89446037215597 65.00575836592266 -48.98151685571541 30.964793315079014 -32.00791897348354 -31.014790288564754 106.70845263327871 0.2411615640921425 21.996821502196173 -11.768484439526121 61.985478351760484 5.415297065275131 183.665409509384 -60.506599898383335 -24.71767004103236 54.775096648419 65.2670736895281 -23.82156847378383 51.778374747972435 151.9528467789428 0.0 0.0 
18.18654686049596 -44.05711781072159 2.5176154664508847 46.04472065328574 17.26047626873798 -14.587074735263808 18.448403867619533 -11.367062928108323 20.440986477424097 -33.944374053084765 -21.47877818014319 16.187389898447915 -10.420184438328334 -48.6366307855185 4.010343707740336 -18.055202626575085 -5.583684097300877 -16.987283285543832 -3.996822481896213 -12.399789651714087 0.19158137311391188 12.985480476093743 -62.987381275491416 55.07885290569752 39.261029778261324 -39.90543773323357 -18.335112519754247 72.037034037761 23.456818949573684 56.014826038799164 -37.46586246279493 40.900688026567295 -40.44888347701668 -72.1837312814404 84.81603349873829 7.60799217068815 38.36383219283214 17.017328039622246 72.82525383992886 -70.68640312102829 -75.44357298633618 -66.72903873366185 14.985036715797092 26.014861423756738 29.68038397113873 -50.191236604307214 -42.28938933767422 1.403131973404763 77.8742142322711 0.0 
-10.814549596096398 -11.91629444620065 0.6814938264141837 32.71166093670571 34.0698381643904 -18.661470911898427 15.767597001602525 -60.5711336962204 68.70354231844819 6.978158305598807 11.653144799608327 22.945764804402778 -15.930841116980867 17.46365332797221 23.00035391949122 -51.32716370632592 -30.543060625906904 54.72069163058195 0.44552374810253015 -0.7473723404138775 -44.57849583602823 34.242856921887906 0.32875246279332027 23.60748212148871 -8.587641220864896 -16.22194860910848 0.8627968572709941 -57.21101835265942 -33.527041408878155 20.836959782870114 23.225673504942648 5.592472771638709 35.00001133689407 -76.61782843237698 -0.6038168841103795 -100.8378587472907 47.23546651274835 74.96737928110542 56.208174717939336 -54.878094962782995 56.96660985664618 104.64897313473912 -31.67968725870898 -36.654868494502054 53.037216746620246 -78.05855753135046 36.33775779143167 32.81330726748822 -14.969275107646807 78.25999446057382 
