0.08748183482431085 -0.026858085850964962 0.28256118044085426 0.2562801245681353 0.15436403169403226 0.15968962569642225 0.1663791653680373 -0.321282845523154 0.06120506818640112 0.04173681852511683 0.2763338230734766 0.04536425198792907 -0.15403306473842712 0.02096959073305147 -0.1712904926493666 0.10462591177592709 -0.050350929301689475 0.04470115636678735 -0.21377699243564535 -0.2454611845270265 0.024427296703307785 -0.3405787444425249 0.031454408368976734 -0.01670409907944196 -0.09720993841152237 -0.3007083782509446 -0.022585978531924438 -0.07041330198072002 0.02933979995301195 -0.0665274448461331 1.4620581580402467 -0.04877796310141292 0.10312185514518675 -0.12297008737903664 0.10247573463623101 -0.0553349124833138 0.0811807169624502 0.0878785552282309 0.18437365177691564 0.051104765557936846 0.14052463508590632 -0.04484859640711085 -0.1463002791611574 0.19494926647632804 -0.1747887504516175 -0.1344231031225524 0.37833050114322786 0.030640946202033316 0.030517509010251683 0.15048318092347784 
377.2068578399993 0.0 0.0 0.0 0.0 0.0 0.0 0.0 0.0 0.0 0.0 0.0 0.0 0.0 0.0 0.0 0.0 0.0 0.0 0.0 0.0 0.0 0.0 0.0 0.0 0.0 0.0 0.0 0.0 0.0 0.0 0.0 0.0 0.0 0.0 0.0 0.0 0.0 0.0 0.0 0.0 0.0 0.0 0.0 0.0 0.0 0.0 0.0 0.0 0.0 
-33.23008286747553 356.99133568886253 0.0 0.0 0.0 0.0 0.0 0.0 0.0 0.0 0.0 0.0 0.0 0.0 0.0 0.0 0.0 0.0 0.0 0.0 0.0 0.0 0.0 0.0 0.0 0.0 0.0 0.0 0.0 0.0 0.0 0.0 0.0 0.0 0.0 0.0 0.0 0.0 0.0 0.0 0.0 0.0 0.0 0.0 0.0 0.0 0.0 0.0 0.0 0.0 
-11.797396641957974 -60.92433304469034 348.5682965654879 0.0 0.0 0.0 0.0 0.0 0.0 0.0 0.0 0.0 0.0 0.0 0.0 0.0 0.0 0.0 0.0 0.0 0.0 0.0 0.0 0.0 0.0 0.0 0.0 0.0 0.0 0.0 0.0 0.0 0.0 0.0 0.0 0.0 0.0 0.0 0.0 0.0 0.0 0.0 0.0 0.0 0.0 0.0 0.0 0.0 0.0 0.0 
6.7109380683822595 -7.993103040374651 13.727350420639281 342.7232201400461 0.0 0.0 0.0 0.0 0.0 0.0 0.0 0.0 0.0 0.0 0.0 0.0 0.0 0.0 0.0 0.0 0.0 0.0 0.0 0.0 0.0 0.0 0.0 0.0 0.0 0.0 0.0 0.0 0.0 0.0 0.0 0.0 0.0 0.0 0.0 0.0 0.0 0.0 0.0 0.0 0.0 0.0 0.0 0.0 0.0 0.0 
-12.886334897099843 26.456879011562002 10.8759347753843 -39.60403592764262 382.8956442545451 0.0 0.0 0.0 0.0 0.0 0.0 0.0 0.0 0.0 0.0 0.0 0.0 0.0 0.0 0.0 0.0 0.0 0.0 0.0 0.0 0.0 0.0 0.0 0.0 0.0 0.0 0.0 0.0 0.0 0.0 0.0 0.0 0.0 0.0 0.0 0.0 0.0 0.0 0.0 0.0 0.0 0.0 0.0 0.0 0.0 
31.386597155047724 32.091077636166624 32.09261336629581 -10.568581675984731 -10.243029377610648 337.63613137241765 0.0 0.0 0.0 0.0 0.0 0.0 0.0 0.0 0.0 0.0 0.0 0.0 0.0 0.0 0.0 0.0 0.0 0.0 0.0 0.0 0.0 0.0 0.0 0.0 0.0 0.0 0.0 0.0 0.0 0.0 0.0 0.0 0.0 0.0 0.0 0.0 0.0 0.0 0.0 0.0 0.0 0.0 0.0 0.0 
101.11093383237696 -103.3300204089707 45.04893316886404 16.74625644954886 -32.35306356064857 60.38806288730783 465.9855070906737 0.0 0.0 0.0 0.0 0.0 0.0 0.0 0.0 0.0 0.0 0.0 0.0 0.0 0.0 0.0 0.0 0.0 0.0 0.0 0.0 0.0 0.0 0.0 0.0 0.0 0.0 0.0 0.0 0.0 0.0 0.0 0.0 0.0 0.0 0.0 0.0 0.0 0.0 0.0 0.0 0.0 0.0 0.0 
-9.455592300043028 39.35010698761943 -68.17244421020874 37.77223806955606 -49.18296122745479 -5.63248818171058 5.865447867160694 317.57299457533094 0.0 0.0 0.0 0.0 0.0 0.0 0.0 0.0 0.0 0.0 0.0 0.0 0.0 0.0 0.0 0.0 0.0 0.0 0.0 0.0 0.0 0.0 0.0 0.0 0.0 0.0 0.0 0.0 0.0 0.0 0.0 0.0 0.0 0.0 0.0 0.0 0.0 0.0 0.0 0.0 0.0 0.0 
61.01515040085391 -51.6585995382373 -1.823604947472501 7.938079441998258 -29.78753895953174 57.0681958080296 6.353892202102659 -19.561979337087873 329.7646343775609 0.0 0.0 0.0 0.0 0.0 0.0 0.0 0.0 0.0 0.0 0.0 0.0 0.0 0.0 0.0 0.0 0.0 0.0 0.0 0.0 0.0 0.0 0.0 0.0 0.0 0.0 0.0 0.0 0.0 0.0 0.0 0.0 0.0 0.0 0.0 0.0 0.0 0.0 0.0 0.0 0.0 
7.747672228289186 -13.55701403437629 45.216281388700395 43.08847089781812 -68.26757132266614 13.228732604034144 101.23816894140555 -42.951472400422006 -7.675177371624369 346.1152179322748 0.0 0.0 0.0 0.0 0.0 0.0 0.0 0.0 0.0 0.0 0.0 0.0 0.0 0.0 0.0 0.0 0.0 0.0 0.0 0.0 0.0 0.0 0.0 0.0 0.0 0.0 0.0 0.0 0.0 0.0 0.0 0.0 0.0 0.0 0.0 0.0 0.0 0.0 0.0 0.0 
70.68707617278086 -81.57004995849539 34.1768880907873 38.25995879773531 19.220894750219696 51.47472619909802 63.74171484237761 -15.009290067695723 24.87066914160473 15.11121853806082 276.8894661137625 0.0 0.0 0.0 0.0 0.0 0.0 0.0 0.0 0.0 0.0 0.0 0.0 0.0 0.0 0.0 0.0 0.0 0.0 0.0 0.0 0.0 0.0 0.0 0.0 0.0 0.0 0.0 0.0 0.0 0.0 0.0 0.0 0.0 0.0 0.0 0.0 0.0 0.0 0.0 
22.480342579411936 25.41562873008559 -101.77287158445746 6.993648071484537 -56.77656603934121 -23.84423974618838 -24.18450414445065 -5.7248396556606025 -41.29027396458141 9.051778957939975 19.455854716855978 315.69750203373843 0.0 0.0 0.0 0.0 0.0 0.0 0.0 0.0 0.0 0.0 0.0 0.0 0.0 0.0 0.0 0.0 0.0 0.0 0.0 0.0 0.0 0.0 0.0 0.0 0.0 0.0 0.0 0.0 0.0 0.0 0.0 0.0 0.0 0.0 0.0 0.0 0.0 0.0 
85.18714348275265 -27.380834510217333 44.24377008652053 -22.214227073031484 -2.030845439198164 42.63869084332357 111.40779130438203 -71.03763202522372 33.161772088821586 14.332741177618358 -24.56996999672226 -57.08618528581289 331.24577756169157 0.0 0.0 0.0 0.0 0.0 0.0 0.0 0.0 0.0 0.0 0.0 0.0 0.0 0.0 0.0 0.0 0.0 0.0 0.0 0.0 0.0 0.0 0.0 0.0 0.0 0.0 0.0 0.0 0.0 0.0 0.0 0.0 0.0 0.0 0.0 0.0 0.0 
15.074664941293316 -27.505219102906086 23.5613159201143 57.53336937780754 -41.55571195383928 18.83955310857215 29.835867477080146 7.028666871583693 -0.8859853639874956 11.556391334542834 59.79818144908041 38.40956887544288 20.461687195466727 323.79403877146314 0.0 0.0 0.0 0.0 0.0 0.0 0.0 0.0 0.0 0.0 0.0 0.0 0.0 0.0 0.0 0.0 0.0 0.0 0.0 0.0 0.0 0.0 0.0 0.0 0.0 0.0 0.0 0.0 0.0 0.0 0.0 0.0 0.0 0.0 0.0 0.0 
-67.59805940998027 96.28271273158047 -54.6671044011355 -18.9297364174666 77.89802594518065 -20.331326527418085 -68.41481770795026 -14.59363160586616 -45.12408250272555 53.906333576847736 -24.666837777546416 -37.86888937698773 -37.712471614150374 -55.75720239310459 302.71358980592794 0.0 0.0 0.0 0.0 0.0 0.0 0.0 0.0 0.0 0.0 0.0 0.0 0.0 0.0 0.0 0.0 0.0 0.0 0.0 0.0 0.0 0.0 0.0 0.0 0.0 0.0 0.0 0.0 0.0 0.0 0.0 0.0 0.0 0.0 0.0 
18.061020350278362 -8.774327310405264 52.970293353729105 21.503329146341027 -29.042399580381808 57.35594834565432 64.36870669236541 -57.26440459475016 21.59404964558386 -21.812378501117873 49.974693565019294 48.457312560684876 27.414827470827873 16.401062453434086 -26.527919476553596 262.59986290048874 0.0 0.0 0.0 0.0 0.0 0.0 0.0 0.0 0.0 0.0 0.0 0.0 0.0 0.0 0.0 0.0 0.0 0.0 0.0 0.0 0.0 0.0 0.0 0.0 0.0 0.0 0.0 0.0 0.0 0.0 0.0 0.0 0.0 0.0 
-25.95527982764893 74.15817000272807 -80.07242975705802 -78.15652846203842 25.073978441613363 13.539300362995766 -13.611051122419402 45.55252130970585 18.85212297143376 48.651326076008786 -59.63332101024926 6.026088888094729 -91.52670471015996 -24.33758801659488 23.91642213566838 23.388785288941783 279.2086086246614 0.0 0.0 0.0 0.0 0.0 0.0 0.0 0.0 0.0 0.0 0.0 0.0 0.0 0.0 0.0 0.0 0.0 0.0 0.0 0.0 0.0 0.0 0.0 0.0 0.0 0.0 0.0 0.0 0.0 0.0 0.0 0.0 0.0 
114.63908400873451 -55.54760032643683 66.67678480080279 69.30078776914739 -65.28370837720975 18.631805877443792 30.19739920183008 -70.38568698451576 -8.623486887504225 -98.9026720897455 61.2760739667969 2.055805267895299 79.41393927324395 -4.657865712826889 1.2470316274867135 -60.14774069423723 -7.837227901401792 284.3400090643562 0.0 0.0 0.0 0.0 0.0 0.0 0.0 0.0 0.0 0.0 0.0 0.0 0.0 0.0 0.0 0.0 0.0 0.0 0.0 0.0 0.0 0.0 0.0 0.0 0.0 0.0 0.0 0.0 0.0 0.0 0.0 0.0 
57.134787743298965 -33.33202088027171 -26.940020487052575 9.410015861965807 -100.3055612991534 29.40924366941353 133.48763019785423 -47.63985680768803 -38.87169003692131 5.274159698099227 -29.513580210013558 78.9268858551353 55.31962616928334 7.191021221765048 -10.982841955971066 25.738998020551833 -39.12306444531315 -21.966996911513924 325.2989387636683 0.0 0.0 0.0 0.0 0.0 0.0 0.0 0.0 0.0 0.0 0.0 0.0 0.0 0.0 0.0 0.0 0.0 0.0 0.0 0.0 0.0 0.0 0.0 0.0 0.0 0.0 0.0 0.0 0.0 0.0 0.0 
15.531260091423595 43.98221022214615 -31.118593787963636 -26.95110477403885 -74.35085677399135 -70.73525854271524 17.27048830333581 44.4542668416263 -17.05344420112373 37.11952429913063 -7.1259604735868045 45.61955492541401 -5.930274223782008 10.143030708717742 -12.204317122996894 -11.761818641210809 13.429931673032739 -14.849346695438827 41.2415916786947 328.9514311044688 0.0 0.0 0.0 0.0 0.0 0.0 0.0 0.0 0.0 0.0 0.0 0.0 0.0 0.0 0.0 0.0 0.0 0.0 0.0 0.0 0.0 0.0 0.0 0.0 0.0 0.0 0.0 0.0 0.0 0.0 
7.886623984097523 -60.402006106430456 85.46041302099707 64.6235609431816 1.0284636611751445 11.510938850782889 7.1940207497026005 8.616872796169735 27.575726549106918 -19.113701635487775 27.70367123927932 22.94513499410482 -6.60796596129899 22.382403282764933 7.994059071026067 131.52804056424034 -56.697505597700065 48.11150594834352 -18.326012136705096 1.76158375962039 332.1995561762773 0.0 0.0 0.0 0.0 0.0 0.0 0.0 0.0 0.0 0.0 0.0 0.0 0.0 0.0 0.0 0.0 0.0 0.0 0.0 0.0 0.0 0.0 0.0 0.0 0.0 0.0 0.0 0.0 0.0 
-71.60435302253751 50.17258177668513 -71.90211459805833 0.09973023942559751 -32.899904284227844 -21.989300089147726 -116.0122066767495 16.22907107828595 0.2026859521202054 10.090188039284303 -14.572024240271702 33.38315818464399 -86.57597211140289 19.19451897124092 -43.752013262057865 45.569022154363694 -14.747670375419705 51.16556079496786 -16.222981320768177 64.1223427491004 -15.959258666675268 262.9458712506344 0.0 0.0 0.0 0.0 0.0 0.0 0.0 0.0 0.0 0.0 0.0 0.0 0.0 0.0 0.0 0.0 0.0 0.0 0.0 0.0 0.0 0.0 0.0 0.0 0.0 0.0 0.0 0.0 
-38.02101659685388 33.26325940410223 11.41752649476442 -21.824636904570806 12.701591895102075 20.863937190699975 84.93457599933744 0.04671607321489385 34.4479612359982 -1.2674558543450583 -48.33335733090995 31.92622177563111 50.34734760314784 7.840843915022745 17.302846090381173 0.9901959218295374 27.730337377878193 -21.109054126776794 -32.513720957127525 49.79392335306954 -36.18773368585902 25.19643777877502 276.081780904428 0.0 0.0 0.0 0.0 0.0 0.0 0.0 0.0 0.0 0.0 0.0 0.0 0.0 0.0 0.0 0.0 0.0 0.0 0.0 0.0 0.0 0.0 0.0 0.0 0.0 0.0 0.0 
13.513819566228484 -2.489488378097788 -25.483899932198593 14.190980226074021 -80.80192647084986 21.361002577189588 39.537651495439285 3.5360543086509493 -2.528156793221021 28.848541377667924 32.93213487749738 -44.286902010116265 -3.4894644090706692 40.597718359835405 36.542446716546834 8.798289871095246 19.345244059987095 40.18140789627906 51.093675782592946 18.25112054454898 20.720403555362847 -36.39755637510048 15.870025572610588 267.6598280696961 0.0 0.0 0.0 0.0 0.0 0.0 0.0 0.0 0.0 0.0 0.0 0.0 0.0 0.0 0.0 0.0 0.0 0.0 0.0 0.0 0.0 0.0 0.0 0.0 0.0 0.0 
-63.45578101896409 16.125951619285573 12.909530438929355 35.60117633402007 -80.27419339450384 73.5172069192019 47.558195085506966 28.56163301485663 5.442360532128769 37.044755757486904 -85.19757158440642 50.72129365752692 15.142170319070605 13.719944065834326 37.34380154294022 0.8423656644074337 32.41794403081805 2.79241404679952 4.8293135719381395 -12.68126364771065 -75.53932211646439 59.14851417041889 -43.36002713390672 9.149627056314284 291.54324842031224 0.0 0.0 0.0 0.0 0.0 0.0 0.0 0.0 0.0 0.0 0.0 0.0 0.0 0.0 0.0 0.0 0.0 0.0 0.0 0.0 0.0 0.0 0.0 0.0 0.0 
88.16008929872895 -78.20287899780783 0.8760807994780972 20.508492190518126 -67.57498512137998 49.504168888272545 218.56951949924166 -125.22680075213232 -53.19403499912148 65.70386331323576 2.6865456765329783 -6.35456044752174 90.3539588721256 -48.17178434797958 3.225268173097396 -45.419724384742246 65.08791716954606 -48.20432738827905 99.81723180041764 9.236868700738171 -9.625383289572046 6.500947979756413 33.94083880603598 54.671700342012066 16.67733478846824 345.5529208776904 0.0 0.0 0.0 0.0 0.0 0.0 0.0 0.0 0.0 0.0 0.0 0.0 0.0 0.0 0.0 0.0 0.0 0.0 0.0 0.0 0.0 0.0 0.0 0.0 
-53.55954749130687 23.333054668887936 -9.878451524403909 5.799644787631654 0.4357342154952608 12.282082323692844 -40.262668425315155 65.9714957188277 2.4739107607516826 14.04529247064609 -27.790368628525147 21.254679769986552 -7.21249014480795 -13.389444788612 -11.387569056666822 -15.331719802408294 31.98387304802118 -52.46336923361411 -2.853169982914538 13.961198162650362 -5.427827638864813 -4.7584929827426015 -10.026729025655673 -19.42153539375116 28.941004512377628 40.6088908921698 295.26737305785247 0.0 0.0 0.0 0.0 0.0 0.0 0.0 0.0 0.0 0.0 0.0 0.0 0.0 0.0 0.0 0.0 0.0 0.0 0.0 0.0 0.0 0.0 0.0 
11.551060705226368 68.35476595281999 -40.085971653842876 -53.197134640968436 5.608873249989794 19.65059579057782 35.47852739594108 -54.55579655633236 28.993549560923512 15.546662906328354 -26.13773582992777 -26.907383895726998 32.69415290327017 58.9556081473236 -28.970826005921843 44.04085372507361 -2.6316213848933914 5.868846013042855 0.8079800637338119 -73.29545537701387 -67.61431187098636 -34.654540380846534 50.75512640945879 -2.504842979157094 -6.72857853575454 29.16169985111724 29.360983338386312 207.6318692431418 0.0 0.0 0.0 0.0 0.0 0.0 0.0 0.0 0.0 0.0 0.0 0.0 0.0 0.0 0.0 0.0 0.0 0.0 0.0 0.0 0.0 0.0 
21.201435125400998 -18.253797901622047 90.23236350122362 1.7545075293339178 41.627396108587156 44.27792652779341 4.526026171191831 -42.431839869625335 18.289052792960454 65.35051026689726 2.4458052481189325 -6.869231593013625 28.82894046485041 7.782034539322899 -18.40821643708714 13.460940879385856 -27.711589704186558 -8.997872384388408 -31.606988950995813 -60.59294472601219 -53.16676915095038 -41.96660653272078 -27.655331657981257 -3.3364361792331114 -1.2794965397417575 34.41180837716542 -22.761907869208812 51.61853263054634 302.72013559758574 0.0 0.0 0.0 0.0 0.0 0.0 0.0 0.0 0.0 0.0 0.0 0.0 0.0 0.0 0.0 0.0 0.0 0.0 0.0 0.0 0.0 
61.421179406200565 -31.72335292048078 16.35655595678701 -67.87438281901764 2.7751675823176734 -13.693105090770075 56.144187409877446 -23.304899561454267 7.518672052797995 -55.14050128821409 63.71729920942586 -12.725268241615495 -15.59103847141631 -37.583193455401634 27.977986039259285 28.862861312267142 -2.5873763519450748 5.77874780797502 0.9006553592285529 -37.09103970936586 49.26154392831918 13.8381289204786 -32.94547127504989 -5.88571907034028 -11.182033774859736 5.184823531632875 -30.83823468025985 -78.32941236270209 25.655283499822314 284.092793701979 0.0 0.0 0.0 0.0 0.0 0.0 0.0 0.0 0.0 0.0 0.0 0.0 0.0 0.0 0.0 0.0 0.0 0.0 0.0 0.0 
33.308030323061665 37.381580625460025 156.12997102087638 29.942193893637747 292.39408967995377 -77.4321432208688 -264.25535441101874 42.23661614049313 98.86575654227514 -42.61175039123663 83.04099817315532 -177.70026817497953 -83.19547043554695 9.529770685042081 -23.286075754263482 60.01316368453586 -63.56004993904239 -31.158323917608424 -168.99969954602184 -146.55083575590967 92.93792450641432 -5.8223017171798706 58.548548165927926 -91.74176769979545 -10.715191415864451 -338.60334893820794 84.6314501154274 -80.04020543925006 135.4949997897644 47.51258566918314 381.27804708045926 0.0 0.0 0.0 0.0 0.0 0.0 0.0 0.0 0.0 0.0 0.0 0.0 0.0 0.0 0.0 0.0 0.0 0.0 0.0 
-17.171098384171867 34.5319473369203 36.3869382632729 -47.34119681705424 0.733004740563832 3.405961235752918 4.439104331520256 41.60211468048838 30.190606891218774 17.70754496533554 31.27657026614752 -37.53618965696585 -35.377722452424706 12.156875429993404 15.431881764914648 -26.036488312489485 -29.124304159975065 -55.07058887255114 -63.88320742948506 14.021301760380833 -30.26294354971129 -15.375732778409585 5.817525187820505 -21.327337780878164 -15.222237208876155 -20.581066769883158 20.493062055386417 -2.3712429763850484 14.871585690553571 -34.88573516786592 44.83084736234305 279.51565568972745 0.0 0.0 0.0 0.0 0.0 0.0 0.0 0.0 0.0 0.0 0.0 0.0 0.0 0.0 0.0 0.0 0.0 0.0 
-38.316743909767574 -12.233830145861047 100.98066772809737 -7.675449293902968 34.325537458525396 39.1861969231375 15.59884915934606 46.28534044798083 10.770418711226782 41.50445042765349 -6.219905073154089 40.54784482008186 26.09950008755907 -53.61636780835302 -26.1975904398606 46.52723319874504 -52.17219440941235 -32.168260509207016 -63.340427045079814 71.81060807485592 105.15255676971027 -37.072732546016866 -26.819456660598604 27.579580292987412 -7.466894359841289 103.96468990011644 -21.21464342908153 88.5936983988919 -55.69669352920364 -0.9429479278783337 102.2003489895845 24.027782715091025 220.68823493325996 0.0 0.0 0.0 0.0 0.0 0.0 0.0 0.0 0.0 0.0 0.0 0.0 0.0 0.0 0.0 0.0 0.0 
-30.526582078958093 -21.86285953032291 -10.73843084188495 -31.31321741948091 -12.551244644633368 -58.400982057485024 -7.762645601863771 -14.26101022216446 -24.245711513896712 -6.938366285601177 -55.14625155605928 15.452834441416359 -17.098055749741935 8.982933950537696 89.90098865271901 -17.521729637478945 -13.882784641793654 9.45809669202322 21.56559450169026 23.003263828763234 -29.87354120529747 -52.01594369401737 13.040271978013664 -3.6954926802622787 3.6971413072527906 46.78420967353822 -32.1002997235163 55.2357147260684 -34.31326379735322 8.996440087125341 72.19965181702682 55.78309761193783 -39.38790021873305 310.60192607171547 0.0 0.0 0.0 0.0 0.0 0.0 0.0 0.0 0.0 0.0 0.0 0.0 0.0 0.0 0.0 0.0 
-33.654375181807445 -3.2298139359628224 28.43014799624474 -7.624426123804662 47.8123368922754 10.830502876259533 -13.830191744785344 14.520563383990364 20.713350968596075 18.112783661073514 2.6676600138203597 -2.1286000561868934 -5.0241403730322185 -70.8622239582933 -46.67711001746835 60.89744230982187 -45.33063874784189 45.45417844042251 -60.51340316001415 -79.71843851151735 -9.031886127463807 12.871476404722582 22.400085472660503 14.653674397326764 -24.27741492513932 22.39212900099389 15.677914294978622 -90.22243485069887 -1.4140019638489376 -4.810161152194369 21.70366513388748 -47.66981819366154 -11.713235084100504 12.81231855917403 235.21420172934938 0.0 0.0 0.0 0.0 0.0 0.0 0.0 0.0 0.0 0.0 0.0 0.0 0.0 0.0 0.0 
45.943949605666745 -49.977908589337886 17.480738485866198 -5.681461659449363 -9.711248367617042 13.133879769015435 24.93512447894518 20.00799004080578 28.237458611440644 -50.06931055721253 26.440352426632444 43.85619530043831 40.06482643340605 48.815932293542126 40.286085496139975 -36.860162017803646 41.16872559681047 60.91424752436385 -0.9538870083967614 4.550459196835933 -51.70765229665629 -0.6195137405488231 -24.22962715670526 -33.831694672256276 -19.773490388372213 31.521004018132402 28.72517722385074 -10.159547034830657 89.00320917877572 -61.050743675362725 66.6867446127858 0.7416797496815827 -2.5748858539509087 -76.42792709183732 45.90137984862471 210.4814277739183 0.0 0.0 0.0 0.0 0.0 0.0 0.0 0.0 0.0 0.0 0.0 0.0 0.0 0.0 
-36.91194234965246 -5.473113603450677 18.159608771610866 -39.806567697165136 -31.416652135025373 13.389436035963708 68.44855041988346 34.35435329991892 42.68323658125335 -9.666748266527998 22.02305523183958 -13.607226456549103 -36.46482332276309 16.49663583443117 73.29859445260651 19.81840489235098 -4.47950875887498 12.306633222700647 -58.41674364256176 -8.275433188060923 -35.22428933830631 34.47150780721681 -28.85214490892868 19.833421000511546 7.073440020651721 5.118470658960726 25.980843961790676 -26.511135467583056 -17.318135083433617 -35.262766343385664 27.5166484356165 -58.18918775438752 -57.03430674398121 -11.005734281970424 56.389646041874265 21.792476488665738 201.30796488871073 0.0 0.0 0.0 0.0 0.0 0.0 0.0 0.0 0.0 0.0 0.0 0.0 0.0 
-68.37402567601714 16.87627127728796 -3.415419898231795 20.59962537458457 32.41914993541514 -4.085825147004368 -53.03736572670528 35.65861079428434 -9.432343853642466 33.526542983678254 -15.233617864578276 -80.24076338302388 -81.08943504796619 19.637022793853003 36.008008572983 -11.951192362714908 13.826058925314163 -8.424610462636686 10.29951665042111 -58.01289833525119 -27.681039721345886 -45.6179672204548 18.210418050554644 -63.25700227840453 82.58626440112974 -28.940800707406265 -13.271034496646049 -34.66193717682943 -13.063049467478136 -4.046216522260355 -49.578776562058216 -10.79886326682441 30.434110582122553 3.5489908935411467 32.710765223800536 78.98877781791903 36.108645281462906 217.5427748645419 0.0 0.0 0.0 0.0 0.0 0.0 0.0 0.0 0.0 0.0 0.0 0.0 
9.082918232614452 18.75830062732122 -20.877797166991144 -18.68594595383078 -7.564036147861631 -10.280994175644906 -64.17602138903752 -3.011665812747217 -38.004947768671244 43.16512704643689 19.666016662765504 22.682600912399543 -12.099355020574437 -60.53632299718469 -2.5389137512570774 -8.297522714849757 17.365657771688234 11.975300909368707 4.677201160359768 19.067328415797057 -2.229504047225177 -26.497897481964667 14.019826607319173 -31.6355060912055 -55.78192983447413 30.699156226089425 -49.53208105018692 64.05535980037573 -80.39290521627457 -8.582766080774897 -8.098802663112826 -43.45671285526929 -12.501456859517644 6.411883923496106 -49.70936593704461 -19.740380862318553 -46.21294954096579 18.177781919258983 269.0956303804741 0.0 0.0 0.0 0.0 0.0 0.0 0.0 0.0 0.0 0.0 0.0 
42.01147556984989 -9.976683591954986 -0.48207462622033437 8.111418859296316 -10.654010691448908 -7.502658795653841 74.10315677030746 -32.90342462981082 1.7310181787441676 -27.189781358276893 63.40614339365476 -7.101521337911641 -16.31200481327205 3.1287981478778155 -34.60758080953739 -25.934817343123438 47.95589900105113 -12.437052880117674 50.38765388766534 15.004693899316718 33.549266730007396 -25.910997742900598 28.8324653220156 10.439000711801302 81.19349570985534 30.164779319886133 10.895415383508498 -6.481342244589589 87.48727624067637 0.4040566877208996 -96.6889462261353 -49.25950882549475 14.362984564948446 14.145750306391118 35.16799662754067 -11.847839677126462 76.25095716360036 -47.90763829543008 81.0665710799844 207.53674771054065 0.0 0.0 0.0 0.0 0.0 0.0 0.0 0.0 0.0 0.0 
0.8444920485959565 -22.099944745689765 30.059268911584702 3.772928558615819 -42.59856549979546 1.5382724273280861 27.5827760679974 -8.44559870115143 -16.92809828529353 8.779373967402696 68.39909096870426 46.87883851212751 -42.850920878499586 -26.019786532077024 3.415379996615886 -36.067966997081776 23.73239520918259 -0.5346442759588391 3.8023284362371923 -6.298908265010048 16.308315724715666 46.15638608061884 -31.359583297079645 112.94121389678841 -28.25172430050578 14.910989836623667 -10.71257378318461 48.47719921537041 7.635634430412066 1.0940756286159516 -47.85101785433867 -37.41955008880057 -53.26473894865843 51.46040086127541 -88.14132959395967 110.84700838917843 45.94300203768464 75.41665781209345 -39.97793168781744 -33.9587520447983 146.71924972769355 0.0 0.0 0.0 0.0 0.0 0.0 0.0 0.0 0.0 
-76.18744441485552 10.750270114240543 3.1967103021673435 -29.2935100338235 0.19175594657787437 -4.674904272970593 -34.749731341486736 29.302044521093215 -23.549429009190558 25.56992239912762 -27.713127169636998 80.21841523097982 8.300648446522624 21.868991688279166 53.15697884237906 30.05692689529013 33.96842637882513 -38.24774288720205 -39.11131071624188 -23.182164828023325 -4.514372734383707 55.49446046680551 -40.28469974908929 51.75301287754892 -18.183423308479615 -93.3961081399528 -2.3530371920773048 42.49731674664939 -35.036107292117464 48.54279196122086 -42.506952828287915 -15.018085326030342 24.04991528696866 -29.803669178407976 43.22504591873101 79.17055788349435 5.483570261595876 3.5300008282433257 42.497367730872234 130.31614205281474 3.777937673277268 159.12619645894003 0.0 0.0 0.0 0.0 0.0 0.0 0.0 0.0 
-5.995693308871127 24.419210665430533 19.88131060706451 -48.665325573825356 32.36403397523431 -92.68260878715246 -40.88046938867176 -48.083699349030496 -30.40896959884136 -46.619341259928056 35.669151942012576 -98.89443967968887 -34.866220262130845 -9.299458573999564 62.185423410578665 -21.006815245577897 -3.0259463843172694 -59.39000833121604 -52.08277846336309 8.073106755723792 50.19370746527209 88.08850575736939 -45.10059082583925 -52.69410374558104 -66.83095666531842 -53.27636405118006 -15.030116022362487 14.74021534168108 42.95971185583203 -62.84354195243747 0.4780351597271273 7.463228108681483 96.75561737699532 83.13174131583736 45.76281817323583 -82.33753031131421 -42.29245145799635 52.97465976559358 -11.834831414749985 -50.41784456978127 0.5880263332360531 -97.84448355201788 125.76445883922692 0.0 0.0 0.0 0.0 0.0 0.0 0.0 
33.54365941308358 -56.292653495863995 9.423552559424893 30.18745321010488 -21.152511098774323 37.30647292875812 73.98277406394735 -71.48876898889252 37.219194660391395 42.60861283498681 -74.45848957788435 0.8406498420459041 50.55927322065471 25.64367356226292 -17.28402152692478 47.21548476734456 -21.478957991621357 -13.064643057459362 -52.66864055971143 -58.4439903792914 -55.11320076094686 -41.686305559451846 -28.983952554971818 34.81287298277789 -26.231316425340413 39.8641122949088 5.347421995514056 -52.817697523706535 39.35526426161626 21.956466402012857 19.912437733925927 17.423307892480395 32.425077606797075 -1.8050300635764507 -54.32218361721546 -8.399124241726376 2.297018804035183 63.860942904584576 11.707034612665415 54.74935438711946 -11.057132231539553 -134.00309551706872 -130.2788890373597 137.22443758353873 0.0 0.0 0.0 0.0 0.0 0.0 
18.323872435915643 37.435609322347936 -83.2448957814614 47.50863320961988 -47.21824407586328 1.259942356971618 -38.423909528732274 2.438252011250323 -20.875305531373193 -33.77092598144467 -15.749850270907888 37.359477245527486 -0.6407072677149291 33.43732128983541 -17.712980373832448 51.982266224019575 -15.860518334355488 47.41887776351928 34.08719362989295 4.4450846310487755 -31.80013716086856 -32.515835412185545 50.69645714669838 -69.22860415372723 32.30111452665147 -23.545941776662627 -22.171423765714305 -42.420190915412405 -40.22617095322991 -77.68205056444884 -81.72604752047086 -32.05260556567262 91.52253199651754 79.11371783202199 -29.458211564798837 95.51587461096783 12.80589306551785 -123.45350868117652 36.130446843031315 -143.47452572565254 -32.96368483638009 -21.405398720341438 25.956784149019043 -79.68468332988604 180.82134365922252 0.0 0.0 0.0 0.0 0.0 
-65.53440467274402 -27.049553211541287 -34.723323539243516 27.730562780600085 -9.611524742871815 -7.163957842492304 -89.97621991240261 -20.764782347331025 7.36960668771387 21.341307295027516 -45.65743077051284 -25.090509743875355 -7.445349082761278 7.910907236406118 -7.813955004915253 55.60447945762759 -42.11027941313979 38.61858720122121 -75.03118185415026 1.0043617260257272 -62.01783474355805 -0.49045251996821054 -7.229008380987963 28.060813786824305 2.860239776456939 -27.50978524480577 14.259960859473308 -72.42057219317219 -22.71945946631863 17.1608774563774 -4.300390407549338 -1.9104152237151604 -41.684996757631694 -27.248188517430414 -28.311189565118937 21.985770768259155 53.527534530934595 53.04657419440213 46.9587599314452 -10.959643278701229 75.1165913112434 -28.90717654064982 152.5065263941948 -85.95083955705034 -37.53724989058707 168.9631649047959 0.0 0.0 0.0 0.0 
-0.2508041972821727 -70.72999281024916 27.030712094488866 17.401647223826636 -43.52757013136759 64.93036022466073 161.18113511229825 -60.49761352992227 31.943195526988838 44.07698249986565 12.041108853240212 -14.426707540687284 -30.69036272839901 40.556490077030794 -27.468565537632987 12.915378731552236 -35.154050937051856 -37.49237606874595 -45.27915333187768 -55.52289479942754 -33.08305106858883 -56.17288069071721 -27.772427053248737 46.520754703926265 110.55245326548301 94.01570728685492 26.59858591989374 3.135813324088855 16.050474674474092 -85.96391232992413 22.53604976463596 -49.63890880652416 -28.66493513379328 -33.151199825405016 41.36216813693699 11.679651983290247 -150.43078608136307 8.418000039172481 20.11375287136632 -50.15925307542376 41.093473112292344 29.971593354797577 -62.72502083122775 15.860986171892407 14.32619989325016 -16.6849862404919 92.80721462256992 0.0 0.0 0.0 
4.111452199588211 -93.9691315609319 9.470102210855472 -17.846961591345078 20.82241533524538 16.977040056507132 62.41550295384436 -10.68995366382717 18.302865589058907 40.24154868566546 48.77223764288769 -3.6301088326015796 -33.587205187087854 -15.207408241760405 8.403898000628635 -19.35309860839228 27.1050417507609 -25.000583291768596 19.953541094842397 40.660547411459014 44.76778813538541 -12.704878447359073 -0.7561983157415904 -67.67953045074144 -23.921822652127975 27.941945319673135 32.23453059642897 4.717091253738769 10.490307977478992 70.01248315858201 23.53514397202937 84.00421466851998 -50.01747829137184 -28.237372883989817 56.70537071678056 -58.425639900021366 -15.258586856811023 15.152788988400097 -47.44507406432942 13.130946404627958 160.00787959748396 -103.40517020150551 -3.695855990496806 45.817989723287425 62.918994527539546 21.426923902111778 59.47400794090964 153.61261908115068 0.0 0.0 
-29.189348022424763 -3.00822302073636 -26.652677624717928 7.794029109806963 -6.2719841533146985 -57.78947949573883 51.70865948106858 -43.73347565134404 -7.482711161017408 73.7983845163995 -31.73230219227493 7.8032057684268095 -48.63138755520086 -18.334643169064005 -4.547860762990843 -22.817344224920248 21.90400688573908 -70.56521855184748 -3.8729335050608347 -34.83201963320604 -2.9426840350270043 -21.52879619730081 -25.921299424478317 70.54009429378372 46.81866433137744 -53.256046516482535 -32.41529229034031 86.41524781193341 -32.041006482031484 72.95476422485865 11.562691238830622 77.14190472218537 -47.753682562515536 1.2376716721797925 89.26670360509422 10.493632237238394 27.36597156342431 -2.763066073324514 91.40700026066428 -77.46923018343585 -98.21117967009943 -70.5706544829524 24.92610975555971 25.888469687557023 27.245378751449387 -71.35026956793683 -67.72038416555424 5.9934778716875226 81.6338029254357 0.0 
-25.569757504103887 -15.948777117642965 -11.626679163263567 -10.593856693543623 -21.278158933583512 -30.579960712080954 -58.982776505325106 -1.4146317872199745 -49.232700772877706 -20.54102070822911 -20.774594269260312 91.84840184902241 -2.786629068760016 -18.77097681792522 2.2447920043802716 -45.39149509061566 -34.12262734962774 33.50300152944008 9.712625909433477 48.2218984809498 17.460273591615536 21.247246866692638 -26.697966572905077 36.37220972031265 -44.01374634064375 -7.472378507149313 -50.268526817141314 -27.25074958276056 19.88110903560301 41.4493864633186 -32.5332359378646 -28.501860619133495 43.4975791733589 -54.23622300620776 0.8792575802580874 -121.10224847199034 81.94415863150823 44.14036149987574 39.49340211387616 -20.982386040672594 59.382922283207876 109.47172076985133 -24.828957897174767 -50.630069087392535 36.40434401107698 -73.81757358698319 42.79036370115129 19.14065852557111 -16.136388648716128 80.98210793566355 
