0.325759771383359 0.1309257329489868 -0.021377698019608492 -0.07366896259073302 0.2303845358171202 0.3007987901542999 0.09443250507424748 -0.19762755515216826 0.12800545987858544 0.12712918360306238 0.16497212040453635 -0.015178477700712121 -0.053867098319719475 0.003543599931344353 0.12013309281684839 0.20251105556784688 0.0581755090889066 -0.21666798375769067 0.020384532939610577 -0.530677198246516 0.06701217419802585 -0.18058450648576782 0.10768426111886995 -0.06516055221676441 0.1861896035846288 -0.8455781632186323 -0.3199032759011437 0.006452180234742285 0.2638978485214746 0.1684343403638908 2.592982285484329 -0.009932384502459637 -0.1681184508977626 -0.6582588524062731 0.08178669032601905 -0.0675207291899213 0.10301864354585345 0.23308501495083755 -0.310516205073514 -0.11594752167392372 -0.087559555259979 -0.18203740181155292 0.06178419821839491 0.3029838413613038 -0.22520346025412213 -0.07002073092127611 0.2445145204262094 0.3954130075268562 0.031207818611821612 0.08127786000373384 
394.7792135802799 0.0 0.0 0.0 0.0 0.0 0.0 0.0 0.0 0.0 0.0 0.0 0.0 0.0 0.0 0.0 0.0 0.0 0.0 0.0 0.0 0.0 0.0 0.0 0.0 0.0 0.0 0.0 0.0 0.0 0.0 0.0 0.0 0.0 0.0 0.0 0.0 0.0 0.0 0.0 0.0 0.0 0.0 0.0 0.0 0.0 0.0 0.0 0.0 0.0 
-40.3815098889172 396.1672178922181 0.0 0.0 0.0 0.0 0.0 0.0 0.0 0.0 0.0 0.0 0.0 0.0 0.0 0.0 0.0 0.0 0.0 0.0 0.0 0.0 0.0 0.0 0.0 0.0 0.0 0.0 0.0 0.0 0.0 0.0 0.0 0.0 0.0 0.0 0.0 0.0 0.0 0.0 0.0 0.0 0.0 0.0 0.0 0.0 0.0 0.0 0.0 0.0 
65.03119366612073 -44.219005727549394 425.3439173978562 0.0 0.0 0.0 0.0 0.0 0.0 0.0 0.0 0.0 0.0 0.0 0.0 0.0 0.0 0.0 0.0 0.0 0.0 0.0 0.0 0.0 0.0 0.0 0.0 0.0 0.0 0.0 0.0 0.0 0.0 0.0 0.0 0.0 0.0 0.0 0.0 0.0 0.0 0.0 0.0 0.0 0.0 0.0 0.0 0.0 0.0 0.0 
32.85442550484784 69.44236854121831 -54.924093474997534 337.4067610201029 0.0 0.0 0.0 0.0 0.0 0.0 0.0 0.0 0.0 0.0 0.0 0.0 0.0 0.0 0.0 0.0 0.0 0.0 0.0 0.0 0.0 0.0 0.0 0.0 0.0 0.0 0.0 0.0 0.0 0.0 0.0 0.0 0.0 0.0 0.0 0.0 0.0 0.0 0.0 0.0 0.0 0.0 0.0 0.0 0.0 0.0 
-21.54015055581601 105.34884758921486 25.835967138115528 -39.72631092666992 405.9754750228658 0.0 0.0 0.0 0.0 0.0 0.0 0.0 0.0 0.0 0.0 0.0 0.0 0.0 0.0 0.0 0.0 0.0 0.0 0.0 0.0 0.0 0.0 0.0 0.0 0.0 0.0 0.0 0.0 0.0 0.0 0.0 0.0 0.0 0.0 0.0 0.0 0.0 0.0 0.0 0.0 0.0 0.0 0.0 0.0 0.0 
42.14315574602809 1.2990299533142762 -92.54283364148709 16.18937375000579 -23.37018620953433 372.01364512728 0.0 0.0 0.0 0.0 0.0 0.0 0.0 0.0 0.0 0.0 0.0 0.0 0.0 0.0 0.0 0.0 0.0 0.0 0.0 0.0 0.0 0.0 0.0 0.0 0.0 0.0 0.0 0.0 0.0 0.0 0.0 0.0 0.0 0.0 0.0 0.0 0.0 0.0 0.0 0.0 0.0 0.0 0.0 0.0 
-25.92875714589047 5.130276176245302 -13.519373568407596 -16.270425271043866 50.94279297943424 122.40611207723843 468.82256273300334 0.0 0.0 0.0 0.0 0.0 0.0 0.0 0.0 0.0 0.0 0.0 0.0 0.0 0.0 0.0 0.0 0.0 0.0 0.0 0.0 0.0 0.0 0.0 0.0 0.0 0.0 0.0 0.0 0.0 0.0 0.0 0.0 0.0 0.0 0.0 0.0 0.0 0.0 0.0 0.0 0.0 0.0 0.0 
20.95717693295665 -50.662528167796054 27.146081856951458 23.551958879362886 39.23846862294669 -86.50697440075655 14.641677333136101 425.8892299815116 0.0 0.0 0.0 0.0 0.0 0.0 0.0 0.0 0.0 0.0 0.0 0.0 0.0 0.0 0.0 0.0 0.0 0.0 0.0 0.0 0.0 0.0 0.0 0.0 0.0 0.0 0.0 0.0 0.0 0.0 0.0 0.0 0.0 0.0 0.0 0.0 0.0 0.0 0.0 0.0 0.0 0.0 
47.11094118776654 22.728260230583032 98.29049471077016 47.096683338874925 -69.22938381221017 19.536781409985615 107.55302117131056 -11.906699062207473 367.01682857496195 0.0 0.0 0.0 0.0 0.0 0.0 0.0 0.0 0.0 0.0 0.0 0.0 0.0 0.0 0.0 0.0 0.0 0.0 0.0 0.0 0.0 0.0 0.0 0.0 0.0 0.0 0.0 0.0 0.0 0.0 0.0 0.0 0.0 0.0 0.0 0.0 0.0 0.0 0.0 0.0 0.0 
-29.762874305861445 -53.51048429122234 5.797238191533041 -17.248875740426566 -19.298151422003546 47.86901940621928 60.94733760433403 -11.16935645322826 40.079387626368025 381.33619792627843 0.0 0.0 0.0 0.0 0.0 0.0 0.0 0.0 0.0 0.0 0.0 0.0 0.0 0.0 0.0 0.0 0.0 0.0 0.0 0.0 0.0 0.0 0.0 0.0 0.0 0.0 0.0 0.0 0.0 0.0 0.0 0.0 0.0 0.0 0.0 0.0 0.0 0.0 0.0 0.0 
-21.834107890107262 -39.85280508502594 28.35186685340989 11.553866384990004 1.7332444313305748 38.280230137027075 67.08626776046842 -36.47659041684092 102.52161413234955 31.66495337642337 335.67165431912235 0.0 0.0 0.0 0.0 0.0 0.0 0.0 0.0 0.0 0.0 0.0 0.0 0.0 0.0 0.0 0.0 0.0 0.0 0.0 0.0 0.0 0.0 0.0 0.0 0.0 0.0 0.0 0.0 0.0 0.0 0.0 0.0 0.0 0.0 0.0 0.0 0.0 0.0 0.0 
29.474357880329496 -23.07436120200354 -86.71787240580296 -60.92556265892195 32.921216713754525 9.308858055057938 -13.226846846989638 -44.38244052336838 -34.15991533564588 23.888863826770997 36.77886297814972 321.02614864110984 0.0 0.0 0.0 0.0 0.0 0.0 0.0 0.0 0.0 0.0 0.0 0.0 0.0 0.0 0.0 0.0 0.0 0.0 0.0 0.0 0.0 0.0 0.0 0.0 0.0 0.0 0.0 0.0 0.0 0.0 0.0 0.0 0.0 0.0 0.0 0.0 0.0 0.0 
38.01028603600309 37.122350492842 43.159634027649986 -91.35260160149416 37.13658781121884 67.25811403162022 15.380504877861261 -62.139509832738334 72.89534974477404 34.82662070950423 61.59360082874724 -44.380487338149194 373.263852725823 0.0 0.0 0.0 0.0 0.0 0.0 0.0 0.0 0.0 0.0 0.0 0.0 0.0 0.0 0.0 0.0 0.0 0.0 0.0 0.0 0.0 0.0 0.0 0.0 0.0 0.0 0.0 0.0 0.0 0.0 0.0 0.0 0.0 0.0 0.0 0.0 0.0 
47.496556256746636 0.7114273446784956 -32.165812357842334 50.82358477757383 0.6495368099474287 -48.18195478626602 -31.328014890782626 -76.64056945461672 -22.613070412374963 -58.10355677323302 -31.804332159147407 9.668095305902792 -20.983524994110102 347.79080322734796 0.0 0.0 0.0 0.0 0.0 0.0 0.0 0.0 0.0 0.0 0.0 0.0 0.0 0.0 0.0 0.0 0.0 0.0 0.0 0.0 0.0 0.0 0.0 0.0 0.0 0.0 0.0 0.0 0.0 0.0 0.0 0.0 0.0 0.0 0.0 0.0 
5.019043233400285 -15.874767418810572 -2.7779615130555877 37.47209194575262 -3.28693993805396 -22.181421507002792 -75.91606319463475 138.36123273480277 18.342231969611095 11.626474670134733 -83.38275591372992 15.86145334311868 -10.829297887860983 -97.23656779003967 381.7642434191863 0.0 0.0 0.0 0.0 0.0 0.0 0.0 0.0 0.0 0.0 0.0 0.0 0.0 0.0 0.0 0.0 0.0 0.0 0.0 0.0 0.0 0.0 0.0 0.0 0.0 0.0 0.0 0.0 0.0 0.0 0.0 0.0 0.0 0.0 0.0 
57.00021439385896 -33.09077697156257 53.77415747527601 -18.76990302624421 -5.894078174773112 -52.57751998813653 75.20946009601123 -15.286912020932876 -39.22122134943729 -28.316352431022793 134.12786760496303 31.927768107405655 16.606826612157978 -8.795481382169845 -0.42811276503626094 272.38434533465903 0.0 0.0 0.0 0.0 0.0 0.0 0.0 0.0 0.0 0.0 0.0 0.0 0.0 0.0 0.0 0.0 0.0 0.0 0.0 0.0 0.0 0.0 0.0 0.0 0.0 0.0 0.0 0.0 0.0 0.0 0.0 0.0 0.0 0.0 
45.929734168135866 35.67300504261461 29.91887387406125 -25.40485773875079 64.70412907328647 -41.7459358044666 63.77590348455506 -1.7773157445305776 11.874587238354398 54.68297739096249 -7.762952157302798 43.67920943516773 -40.02254744621577 53.4370909668149 -95.34162532415206 64.1353617928859 319.24393613834053 0.0 0.0 0.0 0.0 0.0 0.0 0.0 0.0 0.0 0.0 0.0 0.0 0.0 0.0 0.0 0.0 0.0 0.0 0.0 0.0 0.0 0.0 0.0 0.0 0.0 0.0 0.0 0.0 0.0 0.0 0.0 0.0 0.0 
62.900973291937795 37.75214106125251 36.47727607108302 -29.413317373403352 22.979593776366848 -8.675591598451891 -16.039676030474126 -102.43344959633308 23.666043493388404 30.9463631219882 66.29114762203551 37.53924913182402 -7.930228688516184 54.09948338986673 -22.904421406470316 -84.65956541512544 78.30167663203508 308.8882486063618 0.0 0.0 0.0 0.0 0.0 0.0 0.0 0.0 0.0 0.0 0.0 0.0 0.0 0.0 0.0 0.0 0.0 0.0 0.0 0.0 0.0 0.0 0.0 0.0 0.0 0.0 0.0 0.0 0.0 0.0 0.0 0.0 
7.360659870222056 -86.71604753265427 -85.67037996205549 -28.736339766349943 73.70900320584238 -11.090819114551348 120.41017201075921 -75.10423072306996 -0.9911969504118441 -5.961413855599061 -19.90875574741245 173.06617112865348 78.92447070165358 -47.38006496784214 -94.05255790548864 121.04405836292071 -8.115569998691976 -25.19674890557368 343.3411460186128 0.0 0.0 0.0 0.0 0.0 0.0 0.0 0.0 0.0 0.0 0.0 0.0 0.0 0.0 0.0 0.0 0.0 0.0 0.0 0.0 0.0 0.0 0.0 0.0 0.0 0.0 0.0 0.0 0.0 0.0 0.0 
23.724298777962908 41.5193846740917 -63.888196110519026 1.0467228144228935 3.398766236967338 -19.579825673155025 -81.0327848556269 15.943613747892002 -12.289564772500354 -3.4572530096650818 29.603098210811797 22.732540327153977 -66.19628640811898 -39.559651860641836 3.6451333036094096 -7.55177187746483 -13.657073301908888 -4.1925471563293435 42.88910931212048 329.75941467070896 0.0 0.0 0.0 0.0 0.0 0.0 0.0 0.0 0.0 0.0 0.0 0.0 0.0 0.0 0.0 0.0 0.0 0.0 0.0 0.0 0.0 0.0 0.0 0.0 0.0 0.0 0.0 0.0 0.0 0.0 
57.1267402892668 -17.408166809697605 12.680325355626458 20.80927441631514 -103.64953361084576 -61.279875159272855 -58.79624868054783 -0.0972497263379098 40.770690549738006 3.7550008495444622 -106.81268461232409 21.057359091136853 27.2491653992782 -0.33882918186902566 14.497955962703937 -33.999286253131174 -35.30757430640099 19.388883190909596 39.72306861967483 -9.74305112294938 322.16297816239233 0.0 0.0 0.0 0.0 0.0 0.0 0.0 0.0 0.0 0.0 0.0 0.0 0.0 0.0 0.0 0.0 0.0 0.0 0.0 0.0 0.0 0.0 0.0 0.0 0.0 0.0 0.0 0.0 0.0 
-9.402671158400468 3.912465063068299 -107.12001304533162 -34.925800248711695 65.2583513000721 -94.8715765374773 -50.975087977574276 89.42432882589542 19.72454541490362 65.06928975136766 -52.96926634029002 20.5594164458925 -108.12244617116453 31.968586152707946 2.0588187474640334 -8.420702185787947 -68.01912495427963 38.792017902465254 67.91945491055677 -1.5564171676305742 -28.12930685705095 287.32583981796205 0.0 0.0 0.0 0.0 0.0 0.0 0.0 0.0 0.0 0.0 0.0 0.0 0.0 0.0 0.0 0.0 0.0 0.0 0.0 0.0 0.0 0.0 0.0 0.0 0.0 0.0 0.0 0.0 
-2.476718485123817 -42.7538236235889 23.718378631369138 0.7891917562001685 19.61335456185557 49.956761925423 -5.349122451699717 66.00292064645399 -18.35059978376295 -58.14318646404109 41.2817496000185 -22.54586806402413 88.75407695098129 6.861971971750089 136.48309090203463 -55.31394495273956 -31.294060789105814 -59.3552160271239 -61.00660528986764 -21.773626674608572 -25.04891266217877 71.03519590617735 325.9785895146272 0.0 0.0 0.0 0.0 0.0 0.0 0.0 0.0 0.0 0.0 0.0 0.0 0.0 0.0 0.0 0.0 0.0 0.0 0.0 0.0 0.0 0.0 0.0 0.0 0.0 0.0 0.0 
9.455947098630478 4.673401955392736 -36.81692649476498 47.619274474506405 60.50723844132892 -0.5847884223854694 -41.784371477739 -9.773384803124083 -62.85580658955644 -55.619271232585916 23.187992959111003 3.9343938732794923 74.54129807827813 41.30764556628725 5.495557036970914 -8.385235954702141 71.04922579219495 62.97898631936462 23.9995969706106 9.26228015028059 -55.09445118074641 -34.49118755338558 49.17140965804902 318.26438754769936 0.0 0.0 0.0 0.0 0.0 0.0 0.0 0.0 0.0 0.0 0.0 0.0 0.0 0.0 0.0 0.0 0.0 0.0 0.0 0.0 0.0 0.0 0.0 0.0 0.0 0.0 
30.937987041888274 -27.31558252376133 -19.719798724212588 -59.31481673715386 38.13402606269003 -75.14545399479181 43.215953863493546 -6.2570168129045065 -54.055614450592664 119.15319058827642 10.833461290883678 39.38253711244008 -54.323714310284586 -15.021723678754016 -2.2615284892642884 23.504306216271754 -29.22264721501905 -23.941834928492856 -25.96686593539 -4.292347967556982 -118.57126092367196 86.66047067827462 0.2949250290650301 49.640268931335086 302.89117856943585 0.0 0.0 0.0 0.0 0.0 0.0 0.0 0.0 0.0 0.0 0.0 0.0 0.0 0.0 0.0 0.0 0.0 0.0 0.0 0.0 0.0 0.0 0.0 0.0 0.0 
44.47061006813203 24.077777226877032 10.043053016482924 15.72763755477542 -61.36333371516715 -9.876675157221955 169.88935247230134 -198.64366591706533 -16.568660083881955 35.040116883218836 114.86886085078966 -100.31812277241144 117.5995372837008 75.06911812207174 -47.360586788665174 -86.96120628431832 19.26943242606376 -62.24382846094336 42.51786124740727 -54.99337693914229 -13.994262260482664 -71.27801229423436 91.05628616780925 15.915542551051036 71.44271710074847 352.48006318716006 0.0 0.0 0.0 0.0 0.0 0.0 0.0 0.0 0.0 0.0 0.0 0.0 0.0 0.0 0.0 0.0 0.0 0.0 0.0 0.0 0.0 0.0 0.0 0.0 
-5.35383326401739 -65.52627329519129 88.93335485248137 -28.956600996381578 -99.1409299478937 -45.09385994261764 28.787926106897043 74.59649738220405 27.157182711106834 -86.71271632775839 -29.530222463144927 24.97601439623195 -12.632559519887643 43.72867597773289 -71.47721545332828 37.229673861494206 7.29759916294563 60.2006502007055 63.707756767255624 71.18056762784992 105.56114138682767 5.962917895014808 -27.749067873864085 -31.85406447032687 -82.58061977423782 -19.13598825471853 341.4482485606164 0.0 0.0 0.0 0.0 0.0 0.0 0.0 0.0 0.0 0.0 0.0 0.0 0.0 0.0 0.0 0.0 0.0 0.0 0.0 0.0 0.0 0.0 0.0 
8.220427674470772 36.66135087344989 -15.214574001889304 -48.27357870051834 30.788596116382454 9.623827695822236 27.593250688859307 -29.45455486966499 -61.11613794940624 -52.62148262144001 -35.105086910119965 -90.85706122973156 -9.822407510387638 65.42780707205094 -4.260250223303694 118.65503733879088 -85.88288152676714 38.22671711296779 -84.46618539968415 -35.12544276556869 -96.26691515325739 -29.955643363535902 94.81112736322576 -41.61457899106369 -1.8568012327999917 8.853491167824092 42.333172986386025 266.08693508157387 0.0 0.0 0.0 0.0 0.0 0.0 0.0 0.0 0.0 0.0 0.0 0.0 0.0 0.0 0.0 0.0 0.0 0.0 0.0 0.0 0.0 0.0 
57.233548420342174 -14.607683633433384 74.10472928120917 -79.74814077246947 9.287500023547025 50.28414329139411 115.19456580613182 8.396145286985535 5.241612053958187 53.23504664928657 -12.506518743528225 79.73204461910969 -3.5012825884605094 23.81037957857315 -63.06843606924229 124.2413893240988 -14.09957121229047 52.84771783082797 -54.794069555955005 -17.019613573704884 -79.04497545075849 -60.16001176987736 -32.10064018360391 45.244072400844125 44.93769459669205 77.96849214358336 27.602826058072424 86.10238853096368 318.5801973548658 0.0 0.0 0.0 0.0 0.0 0.0 0.0 0.0 0.0 0.0 0.0 0.0 0.0 0.0 0.0 0.0 0.0 0.0 0.0 0.0 0.0 
-25.42598933479152 47.17602867223635 36.25974330016499 -37.63409698360997 -84.8750998522578 -16.935799323523234 162.1871230217699 -15.516940522310481 32.39818987243292 23.365783627771986 86.26774257587411 -86.19624693448839 -85.26944057475545 -42.24183441453124 28.65642036675623 31.327786763382843 4.488940261051943 2.2980787039663877 -9.237424716632994 50.18916305525749 -9.00115824247591 -58.027831646360085 -61.95269078127384 -74.37844090484884 -24.019660336962648 26.414397507237474 40.73012748319827 -23.61512045396348 23.785509874062452 322.5920697900609 0.0 0.0 0.0 0.0 0.0 0.0 0.0 0.0 0.0 0.0 0.0 0.0 0.0 0.0 0.0 0.0 0.0 0.0 0.0 0.0 
-29.418683096273245 132.8098746757686 2.23909426686066 23.555650032735866 -87.91232605674477 -29.66211790690161 -152.4600389896596 28.89010332390122 36.78662136393838 -50.94309660314211 -7.83943381527683 -40.07034360026186 -70.83836681419822 2.5230886510178987 -43.74668906947494 38.787571387309036 52.923672496967235 40.3910303741457 -24.9708564140272 -134.7970364401471 112.67979860237512 -10.139685722911496 -18.28584660485776 -78.72091509031021 -100.03040129183343 -218.12197721280222 88.73675089000808 -32.80129299169318 146.83598487984133 65.39880084263372 410.38497391900256 0.0 0.0 0.0 0.0 0.0 0.0 0.0 0.0 0.0 0.0 0.0 0.0 0.0 0.0 0.0 0.0 0.0 0.0 0.0 
-120.65266030156087 18.263687680422322 140.4828341062119 -63.310637623161504 -33.51068299690752 -106.70630270479046 53.85904430169737 103.9521519985166 28.73107519462494 64.91494219103227 -21.143928536572762 -8.759168371085005 -77.2642884664478 -44.494905336706594 -56.106550069361276 45.431921388095574 49.45350647264337 32.77558980709181 31.432967463665815 -137.1452259226856 30.42691528944472 -11.1039955126259 -53.50884263609184 3.4598885232261303 9.078636865063222 9.327713278861696 44.79938657351888 -152.87875833529054 43.46346554390224 -18.99924053836512 -11.755151458258883 310.508521218722 0.0 0.0 0.0 0.0 0.0 0.0 0.0 0.0 0.0 0.0 0.0 0.0 0.0 0.0 0.0 0.0 0.0 0.0 
-50.92912023191445 21.355517174627398 77.77819688350746 -41.96798534532995 5.998055124260474 78.62692869091501 -41.75938143183299 -12.719953868041978 -21.92182432000724 58.136391072376966 37.09654047300774 -79.76776303291264 -22.25511277393924 -33.56877119918905 -19.916135203467892 -69.8307753897665 -40.81653478905366 61.54087337890925 -101.86222193363047 -38.83406594446905 -75.94276927410834 -76.21944779728078 72.98565541076712 3.4482042704274454 31.315946112964767 86.68710192580883 -24.299354017316002 117.9499006070942 2.526578025085015 115.85301312961948 83.80256123075927 116.22066473630944 313.6989637594786 0.0 0.0 0.0 0.0 0.0 0.0 0.0 0.0 0.0 0.0 0.0 0.0 0.0 0.0 0.0 0.0 0.0 
-93.57310530910199 28.17574555287161 104.71648078288366 -63.070813792745106 -20.449993743299423 -3.555794785127527 -55.82410754588361 33.7063138182627 -39.64094844853805 -23.433907658640685 -83.38884762214549 -20.321914859007116 10.076451559646882 73.505400688859 1.4453466445169494 41.37919996296896 21.984596045980258 104.16808215031433 -23.5352002914297 5.2304149987600175 -16.012809224419335 -94.50600822019085 -30.403256776434432 -8.67103112527279 -42.78326213005691 87.04820670361495 98.94598204655847 36.68962801153716 13.397762638653074 -47.82149361982327 76.96426239779207 20.176275709816114 -110.39635732086995 270.0226466415395 0.0 0.0 0.0 0.0 0.0 0.0 0.0 0.0 0.0 0.0 0.0 0.0 0.0 0.0 0.0 0.0 
5.354771447493176 15.99482897208732 20.456838327820698 -8.119793929223157 3.1480852888804183 29.49424350578006 -55.54148329352515 37.03586871412186 39.58924902648402 17.199171939179536 25.653673344698248 -9.815343146950363 48.6800946472547 -36.72989399008797 23.849854094223222 -42.07382106375167 -24.424202019388744 31.475782098366654 -17.610626892571453 -68.68410180913274 -26.476671845290152 -41.084339901120025 20.725747795504226 38.65988598913334 -74.7280322854362 76.41627307754781 5.906388536386389 -89.98682620184411 -50.80943418755184 -14.177194469603993 14.705332941622707 -90.22679401715824 -11.917463689292463 2.0589649204270706 237.04430553889145 0.0 0.0 0.0 0.0 0.0 0.0 0.0 0.0 0.0 0.0 0.0 0.0 0.0 0.0 0.0 
75.53742435237713 29.30040529543461 -17.100886160300536 0.23505118273185632 -34.52988131366659 19.594296817997424 -36.73868672747382 -15.830312532959494 55.82819119160893 -57.409330352846574 -30.161227326394904 95.25980113829847 56.037211407636285 110.60133051324134 -19.564252730295884 -111.32232233261557 -7.180767343819216 82.2808314622286 30.726986000287695 -20.210854336766587 -21.941214186570516 -11.560635331202631 9.249066791939809 -36.11583386962695 -52.21973885047506 90.25439901912222 -48.71361279925377 36.18163923425707 107.25365802904369 -56.86399287908769 51.058526740821534 8.690573417289151 33.55834216109923 -57.83506749936003 18.75407006153129 208.41758421339793 0.0 0.0 0.0 0.0 0.0 0.0 0.0 0.0 0.0 0.0 0.0 0.0 0.0 0.0 
-13.849319390315186 -34.13880969486073 -23.739912974462506 -15.434119728139317 -62.74846877939812 -6.786477607414322 19.4135132827868 46.50484288582143 61.915176906755384 -43.22271285497178 10.249075430202627 -32.2154668826237 27.37056284341525 24.793411121242027 145.54427092445042 -65.49331779016696 -61.64682133627762 -6.884594818557073 -25.57207220394704 -16.776484321735975 11.19883811554867 7.539067731274133 -51.93093239869836 -14.003075942142592 -32.284695071706615 34.325332810331986 2.785553526365358 0.5641686558964736 -112.54559484545621 -126.04323599708366 80.31272523108497 -117.4717104064217 -106.45908044896301 -40.06016722499546 61.00979414958131 -4.271816622000769 214.55650146742371 0.0 0.0 0.0 0.0 0.0 0.0 0.0 0.0 0.0 0.0 0.0 0.0 0.0 
-3.344885976521404 -29.10531561201918 11.286925633076562 28.77923423708789 3.608440634031076 -69.26816947282121 -35.443874363523 -31.323419178125086 72.08295301602078 28.370161529125227 64.43384780584189 -55.39136475011901 -34.851395797388186 66.9660883314136 -13.07547142975145 17.420749195813165 35.75305362083337 49.77679645180232 13.531880687233265 -90.00788098014317 -21.267522278741705 -42.34434534442122 109.77573650947073 -64.82244534707142 47.764560162872414 33.69182196533841 21.235769203480746 -45.16457919918144 -8.327647339654172 -20.09693141242493 -43.32915872366868 -51.20813354402329 8.307821345306483 15.231987498244118 104.70276961951068 52.721152760739336 26.87521816044304 251.30748787902732 0.0 0.0 0.0 0.0 0.0 0.0 0.0 0.0 0.0 0.0 0.0 0.0 
53.50238550262629 -0.6177203638747629 124.8665119753066 1.2956265753046141 9.788132098394897 13.058362494728012 42.73660333493306 84.46644800992036 77.842921835246 -22.518363696678037 24.350410259110213 3.6893602202484232 3.1318234816404766 22.38574937539133 47.09460893004512 47.00727671193847 -1.8311347246389111 16.918649876431775 -35.99827426634692 -15.875935581029186 0.2821481274073397 6.665072406712222 36.87667780000178 -62.369213058331454 -27.840020676757902 37.1737144484561 -21.570013669846972 36.61015701909896 25.27875993584196 -4.9984265512015105 38.963177222498366 -20.064011699250656 -27.77078928394654 39.37611842188905 -45.14718603805489 17.579659051410772 -89.47089905136279 51.06713922066804 280.80739782918783 0.0 0.0 0.0 0.0 0.0 0.0 0.0 0.0 0.0 0.0 0.0 
100.12049467206276 24.423970432782205 -43.289904657378266 -46.92657793360122 -42.769427712352915 35.18420134055654 51.257681195265796 -89.21602999772472 -5.630277652111823 -89.55464858783976 50.021192056638434 -28.033312110157475 27.13588241538586 -19.43825751284553 -43.80544970378191 -73.51540443400967 -22.416321225797716 -27.840846655211994 21.097830770445597 24.132524567383417 32.90168458465527 19.83170292782983 22.7969648814384 72.30804005748843 94.01080075071783 -17.908742860208406 27.98121273746575 -10.755163093198153 78.64501377582509 -39.99026789711606 -70.74134463405537 -33.80141613380187 64.47264905622202 33.610318150490805 -13.578467065430216 -11.633462975524921 82.12440801030873 -92.27653149756597 73.41615056656497 182.72788158463274 0.0 0.0 0.0 0.0 0.0 0.0 0.0 0.0 0.0 0.0 
-2.9514317690320206 74.91186847286436 39.64665528215179 18.653638040555165 64.9801360271477 32.126394694386505 7.8675663916605565 -54.14833982558985 -8.119621731915135 39.2651458490524 3.8509310968860886 81.13439895715354 94.39485163816741 0.9989118050401233 -66.0609445198317 -73.80260179869593 -59.73368413891061 -2.764239390011841 -5.27253560386584 -34.71497460727939 1.7361212530511023 66.6239502212602 24.68955935384193 86.14796620965312 -14.564201800601133 18.65272210947234 -7.562495119323091 119.0614042041434 -10.072521043535748 -52.776694892052106 -28.874048797579412 -79.06061655908117 -112.95878383075569 35.53968731250937 -52.54310438953493 84.71292461369795 48.733504182358814 82.41533390107163 -20.990610430228173 -15.435013218817671 127.59413817098901 0.0 0.0 0.0 0.0 0.0 0.0 0.0 0.0 0.0 
-13.644555227357332 21.12247009721106 36.552647251971194 -21.27060851091707 -0.9768827358252333 45.12268354757688 -50.51201390747005 48.9441970786664 -34.337415346788895 14.840608017771235 -100.37477104775779 7.9166435896860285 60.1088854804467 24.20493647582792 34.23882372624582 -13.941841566090835 -35.25143076187007 3.8828511792515834 -65.68473890341487 -20.255442131243104 -23.901618802546185 51.06380675833608 -46.03267242947458 33.76552216027752 -25.807906057032582 -79.9545538167054 33.79316026612424 64.36478153699444 -2.0213263816280445 53.81277397056804 -22.30550945333165 62.41513436405761 50.37077902527411 38.80986351994925 5.464586495429854 55.78416614468615 -13.098905253503332 -31.771306724590634 25.753490143667328 81.32948389627977 -12.982435746442595 170.9396234780565 0.0 0.0 0.0 0.0 0.0 0.0 0.0 0.0 
35.23209627806848 -34.412788301675235 55.30768930705637 -20.403921340070557 -18.321998812720686 23.311751291095938 46.95052656860061 -33.62425315204958 67.58230894793645 -111.27508378384171 -0.942403312041034 39.891287465829265 51.21578935061723 -35.990862952743136 72.43723727623485 32.82504136488397 82.76177318972887 -14.128425589569476 52.68324225415496 -11.053411348475477 -20.489415808539178 94.48962705034496 -4.81639684579764 -0.5159622954520554 -67.62682034978143 -50.27178487817597 3.1187114231766393 -18.781636695757427 73.97451430269477 -24.76348913681936 -19.481553267542708 -14.065216227677674 118.16700686880475 31.58949769848518 90.42695319818364 -51.031309985426574 -31.241573053129414 54.511675347779004 -18.26249720575017 -37.63347559488334 5.322478746364019 -93.37533285756658 111.43614049195537 0.0 0.0 0.0 0.0 0.0 0.0 0.0 
22.747298598564225 -33.56720261952658 -5.656588710309735 -21.088365324402325 42.56985442535663 73.25387469842966 119.63355178398697 -18.74738933810361 12.332414526569094 -24.72976690455913 -28.435796273431073 24.449876715055105 82.03804400367613 3.84796720519852 49.44045278273832 29.384840244684415 -15.14982279391401 11.315928253121152 -21.2635946698107 -74.27050780468717 -91.91602079681735 20.67806922162926 -23.793004388275147 87.04553060510355 -41.90179898383232 9.200710666911467 -19.296232681672983 -65.68240735760548 31.04033860870018 3.5750847187096406 -59.26358970543687 -63.758673794533365 67.48454304534553 -11.739502438316023 -27.409707378545622 -8.108078100267496 39.98078728325865 75.25802042651925 60.647858254606184 76.98032785728707 27.608396408975068 -154.46804231986675 -77.79080803280826 167.49459577223655 0.0 0.0 0.0 0.0 0.0 0.0 
84.10431826946534 -69.35106138494089 -85.58304792902254 30.31038573262127 -37.590340358389504 -16.628765643306313 -106.1964684542487 35.42684948252333 10.792609336892184 78.09858221259083 -42.23180415507959 -16.39346821195561 -11.354088948528904 30.391432923400814 17.629846565333555 34.65730277652693 -39.90437240308934 3.292977099123825 -27.0084070116369 -71.79760048349182 -101.53953553756399 40.791497256976044 85.76699570923287 -41.71939348099932 -26.40436556494098 -125.5207613196513 4.997205934405496 -49.12874541583699 51.637909596873186 36.095861337336025 -50.356451022635326 67.66423830469053 97.21869800624441 28.509974242384764 -50.71860507942151 115.02396240798417 -8.720594804328007 -90.25869629901597 73.32787092208768 -99.54639680875012 9.571278515960595 -17.563123632485144 30.24704452758523 -90.70155644843543 180.3403358262712 0.0 0.0 0.0 0.0 0.0 
-13.03983101297675 16.34076608753792 -42.126042238714774 80.59601631817497 7.012892460290218 -35.25160456242418 -74.34207656008446 -41.84853869556308 -64.20807076310817 -5.499564032135883 -50.7423258309341 30.785344009628822 -12.338039497430454 21.464856106812242 2.8616533133249025 75.55734546926494 28.49618786181774 40.586183152192646 1.5140839910304449 23.926030422624798 -29.806857255139906 -2.650702427360766 26.100473391741826 -27.253399526021635 15.928834571928734 -26.140761502198693 -21.511785679861816 -45.510651816721825 -2.5238403778487557 -0.4493214871154731 39.34044030847728 17.684998777685156 -35.34327435967654 -15.700621746173718 -30.464181063204055 43.867041726026436 12.670986865793761 3.447395399342303 33.57069197938705 -22.826698752111504 41.73724293129166 -18.710352070845886 102.0385195937884 -97.83830202551131 -68.77007542952332 165.41693920707104 0.0 0.0 0.0 0.0 
4.900169298355787 42.08450490069448 -6.1453057751418 6.188841923613113 -85.14631216584257 -5.030671914994728 187.53428352483317 -108.43377326822575 -8.22038879459137 1.7402832639732262 -1.676906627956523 -33.47669969925615 -30.872234957851465 94.6664191571276 -8.893429215341287 14.14452990362668 -97.30581475246701 -78.32153254876125 -94.04770245862406 -41.385435341468074 -40.041216475320546 -61.7345935255175 19.361689796443255 107.09116453961065 129.6001957390788 117.18515864322033 7.986333366922023 -2.0577216088286097 30.54707584105032 -69.53975417884322 4.9396297663667195 -51.977066147048426 -47.022148028528456 -2.3278350293140937 53.04675744990103 21.24965246800496 -168.045534860859 33.03289801662642 50.947292894389655 -34.34750251415496 44.26515313576655 26.96374564439645 -43.40149860953674 21.155267850856152 25.6076394183551 -35.37867133758316 86.72336923919457 0.0 0.0 0.0 
12.52284442119102 -56.39254420676561 -40.57343297938471 45.37599073217522 0.4236172677383942 -41.42900517609213 115.18017758361698 -18.705841943385007 32.49564413588814 90.02252401671676 -65.59493351078682 34.466490346902226 22.7200526347857 -178.5681050082696 41.70194582083674 19.40505515848445 -18.221904812208294 -143.39640872743615 127.17074591038796 -3.193543653127933 -7.069458187999661 5.833158747165134 -11.21319257576018 -89.62089049489558 45.884899271827486 -23.93078034529815 -24.224993933318668 -34.8793977801719 -78.55931544799441 79.66972279089401 -37.01343200101241 30.88254270716881 -74.5334353113167 -48.64662903411763 116.84123635362835 -60.49247698198702 21.511788104208705 -17.130182946778326 24.9537331933019 16.887298013877764 185.04605764000172 -93.74655466018177 -16.237489608150895 55.9914223534995 54.27956694348709 -15.737438042830721 61.866277274120485 145.91183403556758 0.0 0.0 
-32.79646990012962 -57.241276797621325 3.9836851259712236 54.714469743325886 56.95843768510708 -3.4650869332147023 61.665244906992626 -28.993200455444768 3.0914253379656915 13.929150788110904 -19.79192986618914 -8.419642198711825 -18.187575724385308 -75.4363147117637 -11.203682475461488 36.419303085281975 -7.32655856548296 -75.88271866636983 -34.39408035982186 -9.713240159559534 -65.36862342376212 -38.435019269445675 -5.118043842296979 73.28542147291839 10.372344222638963 -3.857949953908447 -25.134436240657468 52.78279315488858 -19.155730391571357 68.62298174577404 -12.224065799968816 14.130862057956943 -70.50223948225957 -36.564355080337194 107.04848071144912 33.81088603965224 45.295674472608816 41.57356215766319 95.69509444484311 -71.56079292302972 -50.77556696613698 -70.71580409812327 20.849293547027557 17.728007080747332 42.059266275096434 -58.23997652084395 -53.583241656859016 21.2943817142547 91.44561882549257 0.0 
-12.057961630208883 -57.75547475034558 -34.58263387018366 -48.03180273713501 0.7385779448693286 -74.3098870450057 60.09693182760079 -59.538014829742124 44.040172947847964 87.21274838747627 -23.295153773674144 66.47798007540085 -8.71748008085492 5.8162998108346216 33.119360789984285 -1.8242214091988058 12.320701640846863 55.319169200443696 -13.190100192717463 -45.30181826081017 -21.03477036385748 -29.343157698316404 -51.41609329091126 23.88431194117724 39.237091354621775 17.105296809346076 36.51304515567271 -80.36850366842111 -23.342197311904677 64.1170193142019 39.97020987544928 21.452354396204782 -13.82600868481525 -46.76025892602269 52.729975012992405 -158.75211955458454 69.50266857926133 66.5981980960594 42.61672772153166 -42.44667492280434 37.47302408505838 134.5779663278544 -28.345606533292017 -36.02473563123233 51.11147080242818 -58.98971324017348 47.19344397070187 37.08808110915158 -20.664321662121235 103.17995856517348 
