0.5692704250868567 -0.09294686950169191 0.26391364053950556 0.17228923976435995 0.25694151622605055 0.3505974209210458 0.6644481439580132 -0.5812070375054874 0.26469323587399596 0.28334208912676573 0.5757754018227285 0.019976138286262716 -0.03898773132243316 0.07782588512886705 -0.1893573364004012 0.09469757018869844 -0.09720144206103448 0.027973408559470166 -0.08379989518342068 -0.6137543649093388 -0.05762497372252361 -0.5790976901774582 0.07311010835861792 0.11362821502768487 0.30296386455456553 -0.20363805883779232 -0.3001646932017505 -0.1465778944072832 0.44109985916513933 0.16773750360218512 2.1915707347704583 -0.32824022492076044 -0.25845191740987405 -0.9081525416437454 0.20819021364602683 0.19612004191292604 0.30110710506586474 0.2965206768406317 -0.023927429880212122 0.4577952591176123 0.2577800019854479 -0.15250495454337826 -0.3908664356030759 0.7198554647875103 -0.3690047544730335 -0.42507123575865324 1.051070541067869 0.44991861814587314 0.21512645775325362 0.25297661653570513 
289.4056792808707 0.0 0.0 0.0 0.0 0.0 0.0 0.0 0.0 0.0 0.0 0.0 0.0 0.0 0.0 0.0 0.0 0.0 0.0 0.0 0.0 0.0 0.0 0.0 0.0 0.0 0.0 0.0 0.0 0.0 0.0 0.0 0.0 0.0 0.0 0.0 0.0 0.0 0.0 0.0 0.0 0.0 0.0 0.0 0.0 0.0 0.0 0.0 0.0 0.0 
7.446940829683596 254.89428711065565 0.0 0.0 0.0 0.0 0.0 0.0 0.0 0.0 0.0 0.0 0.0 0.0 0.0 0.0 0.0 0.0 0.0 0.0 0.0 0.0 0.0 0.0 0.0 0.0 0.0 0.0 0.0 0.0 0.0 0.0 0.0 0.0 0.0 0.0 0.0 0.0 0.0 0.0 0.0 0.0 0.0 0.0 0.0 0.0 0.0 0.0 0.0 0.0 
26.29372708570161 -3.8287346978357677 298.22596461071055 0.0 0.0 0.0 0.0 0.0 0.0 0.0 0.0 0.0 0.0 0.0 0.0 0.0 0.0 0.0 0.0 0.0 0.0 0.0 0.0 0.0 0.0 0.0 0.0 0.0 0.0 0.0 0.0 0.0 0.0 0.0 0.0 0.0 0.0 0.0 0.0 0.0 0.0 0.0 0.0 0.0 0.0 0.0 0.0 0.0 0.0 0.0 
100.32364198126152 5.659314621147961 33.911910740941586 251.57146323213234 0.0 0.0 0.0 0.0 0.0 0.0 0.0 0.0 0.0 0.0 0.0 0.0 0.0 0.0 0.0 0.0 0.0 0.0 0.0 0.0 0.0 0.0 0.0 0.0 0.0 0.0 0.0 0.0 0.0 0.0 0.0 0.0 0.0 0.0 0.0 0.0 0.0 0.0 0.0 0.0 0.0 0.0 0.0 0.0 0.0 0.0 
57.61833813034322 142.78591259240073 43.31800251351448 10.12109820502605 274.269753319251 0.0 0.0 0.0 0.0 0.0 0.0 0.0 0.0 0.0 0.0 0.0 0.0 0.0 0.0 0.0 0.0 0.0 0.0 0.0 0.0 0.0 0.0 0.0 0.0 0.0 0.0 0.0 0.0 0.0 0.0 0.0 0.0 0.0 0.0 0.0 0.0 0.0 0.0 0.0 0.0 0.0 0.0 0.0 0.0 0.0 
31.922794044476497 46.33995328892268 19.337984375913965 33.38599901399592 40.186852689830005 248.12718490849338 0.0 0.0 0.0 0.0 0.0 0.0 0.0 0.0 0.0 0.0 0.0 0.0 0.0 0.0 0.0 0.0 0.0 0.0 0.0 0.0 0.0 0.0 0.0 0.0 0.0 0.0 0.0 0.0 0.0 0.0 0.0 0.0 0.0 0.0 0.0 0.0 0.0 0.0 0.0 0.0 0.0 0.0 0.0 0.0 
93.05600123351635 32.02666902478221 -26.35788878065787 74.20521942905093 83.89519762444164 126.47012400744251 315.3269669099455 0.0 0.0 0.0 0.0 0.0 0.0 0.0 0.0 0.0 0.0 0.0 0.0 0.0 0.0 0.0 0.0 0.0 0.0 0.0 0.0 0.0 0.0 0.0 0.0 0.0 0.0 0.0 0.0 0.0 0.0 0.0 0.0 0.0 0.0 0.0 0.0 0.0 0.0 0.0 0.0 0.0 0.0 0.0 
-45.43991826361868 40.17956904844661 17.064541270552674 -76.07890976892334 58.41135441875893 -16.661699213096856 -55.93207075363683 249.32417482184306 0.0 0.0 0.0 0.0 0.0 0.0 0.0 0.0 0.0 0.0 0.0 0.0 0.0 0.0 0.0 0.0 0.0 0.0 0.0 0.0 0.0 0.0 0.0 0.0 0.0 0.0 0.0 0.0 0.0 0.0 0.0 0.0 0.0 0.0 0.0 0.0 0.0 0.0 0.0 0.0 0.0 0.0 
29.070802564134286 14.875138316237354 11.398092083469125 -67.05030197698284 -27.14114622362325 -56.408253597553575 -47.83729830495605 30.09726606642723 228.77148934214927 0.0 0.0 0.0 0.0 0.0 0.0 0.0 0.0 0.0 0.0 0.0 0.0 0.0 0.0 0.0 0.0 0.0 0.0 0.0 0.0 0.0 0.0 0.0 0.0 0.0 0.0 0.0 0.0 0.0 0.0 0.0 0.0 0.0 0.0 0.0 0.0 0.0 0.0 0.0 0.0 0.0 
2.491895529507687 -30.679069675444673 24.5272467311076 38.67124712591026 -60.25812161232254 128.51370834192795 72.08090242552171 -33.19747897302783 -25.781469813989414 212.94101472367493 0.0 0.0 0.0 0.0 0.0 0.0 0.0 0.0 0.0 0.0 0.0 0.0 0.0 0.0 0.0 0.0 0.0 0.0 0.0 0.0 0.0 0.0 0.0 0.0 0.0 0.0 0.0 0.0 0.0 0.0 0.0 0.0 0.0 0.0 0.0 0.0 0.0 0.0 0.0 0.0 
10.936563233234997 70.55736524754799 -27.065776510596002 17.007234777167547 11.211146340556487 -2.0516111293861017 78.31442069137174 31.995183536650003 20.124783681419682 22.70880608104671 220.7365930394243 0.0 0.0 0.0 0.0 0.0 0.0 0.0 0.0 0.0 0.0 0.0 0.0 0.0 0.0 0.0 0.0 0.0 0.0 0.0 0.0 0.0 0.0 0.0 0.0 0.0 0.0 0.0 0.0 0.0 0.0 0.0 0.0 0.0 0.0 0.0 0.0 0.0 0.0 0.0 
29.00216971420301 12.360153183610468 -44.47651076091486 23.01216892772031 17.42457191605403 -27.254541680831732 17.772432446455102 -41.72034122658784 -20.7671860821085 -9.775621015111483 16.410823704510786 172.3371968675884 0.0 0.0 0.0 0.0 0.0 0.0 0.0 0.0 0.0 0.0 0.0 0.0 0.0 0.0 0.0 0.0 0.0 0.0 0.0 0.0 0.0 0.0 0.0 0.0 0.0 0.0 0.0 0.0 0.0 0.0 0.0 0.0 0.0 0.0 0.0 0.0 0.0 0.0 
-21.595113372670955 37.73779320546612 66.67840683388644 -61.51783467515646 -57.947616488575065 16.922935338383695 26.830490946205853 -18.395580632765345 -7.422837806723497 76.72609363351103 18.902552015768048 5.610567080502573 195.2034723348124 0.0 0.0 0.0 0.0 0.0 0.0 0.0 0.0 0.0 0.0 0.0 0.0 0.0 0.0 0.0 0.0 0.0 0.0 0.0 0.0 0.0 0.0 0.0 0.0 0.0 0.0 0.0 0.0 0.0 0.0 0.0 0.0 0.0 0.0 0.0 0.0 0.0 
12.701536142112715 17.558884847336532 19.71678264460409 -28.83270078889436 -8.20202733712597 -14.47546970377594 -50.410247352940864 28.491494350632873 -14.450718084055989 12.067910274968671 52.34979716972353 24.427695054230778 36.71781331328676 222.83350723166245 0.0 0.0 0.0 0.0 0.0 0.0 0.0 0.0 0.0 0.0 0.0 0.0 0.0 0.0 0.0 0.0 0.0 0.0 0.0 0.0 0.0 0.0 0.0 0.0 0.0 0.0 0.0 0.0 0.0 0.0 0.0 0.0 0.0 0.0 0.0 0.0 
-31.994278366125332 -3.60728276742793 -4.623343959117251 19.18386338363483 70.92847728798948 48.682788742993445 -44.232898939352374 -12.918210408810637 -22.306266397237955 22.006317068659847 -58.834800145043715 19.61514279160716 -72.7857562414984 0.49079941250511977 186.41342727515882 0.0 0.0 0.0 0.0 0.0 0.0 0.0 0.0 0.0 0.0 0.0 0.0 0.0 0.0 0.0 0.0 0.0 0.0 0.0 0.0 0.0 0.0 0.0 0.0 0.0 0.0 0.0 0.0 0.0 0.0 0.0 0.0 0.0 0.0 0.0 
47.255125767106406 82.19791847057087 61.45259827751842 -53.20944593196104 -17.602598648810545 8.089851915356792 110.95920655381006 -50.034424444018974 24.128673506572817 19.580734667927988 90.68252842453167 21.550432872176003 45.287546129800326 -16.588666787183083 -9.711378919517756 158.0033497106467 0.0 0.0 0.0 0.0 0.0 0.0 0.0 0.0 0.0 0.0 0.0 0.0 0.0 0.0 0.0 0.0 0.0 0.0 0.0 0.0 0.0 0.0 0.0 0.0 0.0 0.0 0.0 0.0 0.0 0.0 0.0 0.0 0.0 0.0 
27.210202690931304 -35.66038581154272 -89.53805308490938 -39.91580563853642 29.729211640817383 54.85546419526741 43.78071536881251 -66.80643475627173 -39.484313096280644 -0.14067116812812683 -37.956320573941454 -23.569757732803964 -90.76149269369851 -36.1211197681832 -6.702784194166882 -13.613420805033174 210.49688627550555 0.0 0.0 0.0 0.0 0.0 0.0 0.0 0.0 0.0 0.0 0.0 0.0 0.0 0.0 0.0 0.0 0.0 0.0 0.0 0.0 0.0 0.0 0.0 0.0 0.0 0.0 0.0 0.0 0.0 0.0 0.0 0.0 0.0 
4.456600708263695 -6.86424822465015 -70.88328929485606 -6.582095696424648 -98.28235063142549 -101.82431809515684 9.999746910621749 -39.52718969613505 -30.098561794205107 -48.160596527111515 29.970166336635884 -9.078876560458093 -21.661236016366335 41.31234563718198 -19.53677380408605 -27.571512106040796 5.861821165154983 212.02531578083264 0.0 0.0 0.0 0.0 0.0 0.0 0.0 0.0 0.0 0.0 0.0 0.0 0.0 0.0 0.0 0.0 0.0 0.0 0.0 0.0 0.0 0.0 0.0 0.0 0.0 0.0 0.0 0.0 0.0 0.0 0.0 0.0 
117.56889436577214 -4.601778289050918 4.794806085359396 54.10338719448952 61.61029669339292 19.358740272322436 15.194800402934822 -92.96404795543404 33.21217955737771 -65.68300779250164 -39.548554643090384 120.4912230251856 11.26380250304161 -24.32439997724138 -0.7197849572816458 13.679925111324005 -54.65537653604351 20.377192548653248 199.47394819668 0.0 0.0 0.0 0.0 0.0 0.0 0.0 0.0 0.0 0.0 0.0 0.0 0.0 0.0 0.0 0.0 0.0 0.0 0.0 0.0 0.0 0.0 0.0 0.0 0.0 0.0 0.0 0.0 0.0 0.0 0.0 
79.94332441185449 39.47225107819129 -15.889877319445294 -33.71963515301137 -2.3699301586463353 -9.023200695499892 -132.26307765762198 51.36449648358751 72.74464848195655 14.06954640032399 24.505224650116457 -22.824967103965776 -15.52489865389624 -36.57855665498601 -40.69435015470064 23.266499761405335 -50.99713732199018 16.84975306881555 -5.809125233511138 185.0461980221083 0.0 0.0 0.0 0.0 0.0 0.0 0.0 0.0 0.0 0.0 0.0 0.0 0.0 0.0 0.0 0.0 0.0 0.0 0.0 0.0 0.0 0.0 0.0 0.0 0.0 0.0 0.0 0.0 0.0 0.0 
-36.218268205249615 -18.58273278571686 -15.170842673641875 -55.16429764445464 -48.74438873705945 -27.723234249143793 -28.582310854294555 -58.3354294130798 10.207212830692235 9.521213182931659 -29.781506997367746 36.17079572708119 53.84825680646763 41.72274867978675 -12.817273347791039 95.8412833053683 -22.612545043270917 22.51207378572572 13.54149146428111 -18.740903070761032 166.255453627068 0.0 0.0 0.0 0.0 0.0 0.0 0.0 0.0 0.0 0.0 0.0 0.0 0.0 0.0 0.0 0.0 0.0 0.0 0.0 0.0 0.0 0.0 0.0 0.0 0.0 0.0 0.0 0.0 0.0 
-77.50054437806577 3.415731155086925 -94.3777926360444 -74.21652482759887 -104.02617084885395 -104.95208150173089 -108.04165024619986 70.74374236760424 11.805619657053215 12.20821921987911 28.170197840069868 -43.48181327594669 26.70405650552034 27.18092249572259 -22.66950436605243 1.9248403862153376 -39.664175127532964 49.10125747964394 -38.719785863503965 -50.777540544855874 -21.516097041048965 196.91501610879476 0.0 0.0 0.0 0.0 0.0 0.0 0.0 0.0 0.0 0.0 0.0 0.0 0.0 0.0 0.0 0.0 0.0 0.0 0.0 0.0 0.0 0.0 0.0 0.0 0.0 0.0 0.0 0.0 
16.278070897513683 30.184140713073333 75.651921547503 -48.98407426915057 56.514116710067064 41.62199555130238 45.04032870276864 -0.390153502363269 44.62167525129556 -13.249634938988194 58.47665141309898 -7.02902050274329 23.966313615572393 39.45231954141556 33.32967247167937 -6.914062423779544 -2.7362638259175815 -25.872403884319514 -12.220116890711438 16.455874289243972 -8.811942612379298 -21.582432756536843 203.56010213999215 0.0 0.0 0.0 0.0 0.0 0.0 0.0 0.0 0.0 0.0 0.0 0.0 0.0 0.0 0.0 0.0 0.0 0.0 0.0 0.0 0.0 0.0 0.0 0.0 0.0 0.0 0.0 
91.576969771377 -1.9328569444809351 25.10162339405477 82.04215202929997 59.60881079787959 -12.257046258447456 9.98068793091329 -9.510511637176492 7.731407134524338 -14.106468364421707 63.176129752899605 17.475122138024556 -37.46114752462889 -15.89668394777892 9.614342074341408 16.063364084507548 53.157651111886196 18.51036553081895 33.59972564625768 8.10837609842344 -45.13682798706453 -81.44408799389296 37.99656958848551 174.14538229017853 0.0 0.0 0.0 0.0 0.0 0.0 0.0 0.0 0.0 0.0 0.0 0.0 0.0 0.0 0.0 0.0 0.0 0.0 0.0 0.0 0.0 0.0 0.0 0.0 0.0 0.0 
-8.845195194976304 -59.798757391402766 43.70815918167655 47.080674846740536 1.5976483413124327 26.560307225318326 39.226208538158254 33.14028984466496 -28.439525284694117 28.279054814579258 -66.56417798944523 56.51806806041358 6.557415733918928 -51.365068414545036 -6.963967038974238 -19.869519880040798 0.8377093869824315 -14.965128440703419 -24.044091861006805 -21.202047643720256 -24.197932003392967 67.55902204481431 -79.01820351985691 28.45429526479936 180.91494920469964 0.0 0.0 0.0 0.0 0.0 0.0 0.0 0.0 0.0 0.0 0.0 0.0 0.0 0.0 0.0 0.0 0.0 0.0 0.0 0.0 0.0 0.0 0.0 0.0 0.0 
102.07473018190849 -22.42513014816207 -14.87343001570801 177.67783813613602 2.2520682868090307 34.50790932609156 215.4355117327588 -100.44776178253497 -65.44633928232192 -25.531193889433126 4.491093732205024 -18.216633040127714 4.136091556365113 10.878415245943431 35.3610685898535 -57.321123813339405 64.12953881418855 -55.1945684185556 48.30654280531973 8.572337886829798 -24.843321791034235 -27.513454432116816 24.85997928300955 41.537614513349396 43.901123446830034 164.4840774009851 0.0 0.0 0.0 0.0 0.0 0.0 0.0 0.0 0.0 0.0 0.0 0.0 0.0 0.0 0.0 0.0 0.0 0.0 0.0 0.0 0.0 0.0 0.0 0.0 
37.55350685346278 3.357924134409692 13.114248601620119 -43.8124444980437 -24.702029371968305 -13.10033232925799 5.34208407123516 46.333288643864236 -3.6161090013546837 -47.0557809729301 24.661150623796576 -6.854692959190363 16.28747830428015 4.814764527689224 -20.330620548919388 5.586159442020233 18.680844216122715 24.66687683049097 24.227014349420454 52.042556591883866 -1.3734935395228447 -76.54238820479311 9.126898336417256 -0.39241018702760466 -94.9665025085501 -8.87199143186121 173.19318330329787 0.0 0.0 0.0 0.0 0.0 0.0 0.0 0.0 0.0 0.0 0.0 0.0 0.0 0.0 0.0 0.0 0.0 0.0 0.0 0.0 0.0 0.0 0.0 
-54.76352278570824 62.675184360345696 54.09204656400934 2.66268698467856 20.429574162506075 77.84861736465022 74.90698071954706 4.858091609363464 -24.857297552967815 20.41072834674068 -26.715572302564123 -11.950526176074407 44.86831301378085 45.63534696175775 24.221876050377617 53.00456080986181 30.851211857253663 -44.740647456170095 -26.321787494019937 -49.846524471185674 -24.414239302033245 -67.25869785407302 14.631592051865663 -19.992535595327684 -10.919770717280501 -0.5516623659704376 27.156503940489436 166.76036335291906 0.0 0.0 0.0 0.0 0.0 0.0 0.0 0.0 0.0 0.0 0.0 0.0 0.0 0.0 0.0 0.0 0.0 0.0 0.0 0.0 0.0 0.0 
-50.13862376647452 -12.051434060906416 46.4337039924137 41.400668349138 23.215241025126712 46.77729231409391 16.011534066282383 56.08700361417673 5.695255514793628 40.596811079122745 -28.317814692837988 -3.4633833252431114 -7.620392154974093 21.02023991940412 9.092091785799598 18.261983476843653 5.752308730843905 -23.2734127940199 -24.012051919329032 -30.50733591312979 -9.28505797549213 -10.55248247107682 -9.436504462584278 -22.898215277557757 -5.575147180144745 7.960513879988019 9.218927296481175 25.297204211341622 152.77710820688117 0.0 0.0 0.0 0.0 0.0 0.0 0.0 0.0 0.0 0.0 0.0 0.0 0.0 0.0 0.0 0.0 0.0 0.0 0.0 0.0 0.0 
7.60175576452832 8.257405505220273 -58.587010267598274 -16.845120344860725 -2.791616255311785 -16.942066978516277 104.44695760156674 -16.409280231349033 -34.93578434625107 -1.1199555504856613 31.8349371867216 -17.825608351716763 -70.47220765489583 -42.71552641142488 25.80029004437219 -7.195630996690742 73.95079878243149 -10.249302216510644 -0.33673375607740136 6.576086808240821 27.125988867026905 -1.5621393554367522 -29.740171290436116 4.055873320087327 1.248432583273909 38.44942043725612 16.420836208523856 -44.60338111955369 34.06519344522833 178.6152996025894 0.0 0.0 0.0 0.0 0.0 0.0 0.0 0.0 0.0 0.0 0.0 0.0 0.0 0.0 0.0 0.0 0.0 0.0 0.0 0.0 
-27.59746245785401 70.84696378328233 -49.60246313629623 -101.77194099749985 15.907170168266653 -78.13872141056626 -149.03625455471726 50.190076430443085 19.501192117818103 27.40330397773577 -1.8478675841606198 -20.364662502225094 36.21062019713844 40.18227331018504 -12.644480634767438 5.61226126016118 -85.32138583422461 11.817177150781715 25.259329832173094 -91.35658031930902 81.68724237852075 -0.05742021374029215 4.215551575183409 -6.347210460554537 -35.29105236705557 -146.27345139075854 2.6555972980228337 -85.10281197652691 25.269906931949922 24.96860475282738 231.7730989577766 0.0 0.0 0.0 0.0 0.0 0.0 0.0 0.0 0.0 0.0 0.0 0.0 0.0 0.0 0.0 0.0 0.0 0.0 0.0 
-32.818516054978936 61.912066749617885 -34.902779920180514 -131.40561701259 -15.727575715216275 -82.94625352019877 46.652965631644726 90.9325720393729 46.73065096271619 -13.841151395215299 22.952535307286833 -31.792603622920637 22.404292960847606 41.81286081995013 22.144543543162644 3.382910235547835 -113.68201012040612 -4.264925944357118 -24.109816600124113 18.718464241813464 17.70643651113756 12.067162968635056 -13.036026926379261 -33.465650051494414 -81.80471482500747 12.271611126093742 37.18663693753167 10.694366778234297 -15.499377422202 -2.1648046624013517 12.07606589103339 162.87764370296557 0.0 0.0 0.0 0.0 0.0 0.0 0.0 0.0 0.0 0.0 0.0 0.0 0.0 0.0 0.0 0.0 0.0 0.0 
-43.00498814740523 62.91906853233568 50.554757768977474 8.927572707174651 19.288035126231918 27.280830533739678 38.100266081504635 70.90216546598779 1.5905677192688137 70.13113039701149 -26.124326408024647 -0.31632481001440177 43.61027688692822 -10.12244482814684 18.873916979485685 14.715625798232823 -69.64802801832967 -36.724651069735934 -22.616471989049185 7.283324867760142 10.645985731383691 12.553511180714063 7.322812954319068 30.86175730514679 5.84251116358238 15.8638275340228 -11.859607122750068 38.015497514881645 -49.49445268443298 -3.3490114404641234 56.16840205605095 43.69275240870807 152.21643022155982 0.0 0.0 0.0 0.0 0.0 0.0 0.0 0.0 0.0 0.0 0.0 0.0 0.0 0.0 0.0 0.0 0.0 
-104.4079904096018 4.65776948948393 65.3139048566353 -44.92245029335601 36.594577043245124 9.72520352323436 -59.811486717678356 -6.408113992038523 6.822279273676209 -79.14210973250451 -111.66551391467782 2.470994149811437 -45.64413466305438 8.303843929983772 -5.131432184978065 21.607099341005025 50.00957907750161 33.326765611299344 3.9338729162269703 27.191990447325242 -17.676068633058975 -115.64705421237113 -6.362029094513189 49.607191351774794 23.71650117114792 75.79713048800957 -17.02022023107674 15.251410729357055 -24.80796428336736 -13.8157243049217 -6.012000059833255 -34.165446998292296 -32.831218738603035 163.16305429906694 0.0 0.0 0.0 0.0 0.0 0.0 0.0 0.0 0.0 0.0 0.0 0.0 0.0 0.0 0.0 0.0 
11.780097833444795 12.67283094842547 -19.75790374802563 -25.52622110384712 7.252795421941548 -53.653323646581434 2.758099649786525 -3.390392552069955 -1.199647071693831 -20.510878223490106 -21.59521109951855 18.784349001780907 -66.68610464468006 -37.94019669224763 -25.86607648498402 -19.53588873340562 55.03224845575685 11.358123280703406 -30.398798955886495 10.278220940249021 -56.04058941325223 0.8414881409470293 40.213766226353975 42.852458553795984 -3.7161580331990463 21.456776023839694 4.282375922975922 -112.84745608588678 -32.83714664026996 -17.118031775198126 2.7204934521320636 -36.16034121332838 -3.2072320320001286 35.64355876166585 134.1377591538157 0.0 0.0 0.0 0.0 0.0 0.0 0.0 0.0 0.0 0.0 0.0 0.0 0.0 0.0 0.0 
31.46208148407753 -35.65839324687769 -72.06979922995318 17.88799841865147 -61.0150169518017 -86.93830037276824 -67.71817262700603 6.721655334223446 28.213820267062186 -63.13901561833853 -8.915667529188557 56.257131850975824 18.54371502474151 62.99901936971714 16.679049358922537 -51.87897270524245 -64.99354354246313 88.9419863108359 25.85430770838176 13.060136916827728 -2.622353529598259 67.6859855727697 19.653890879331275 -40.75848057737044 -11.09201693492271 10.958203002866787 -3.0560629560963 -31.245202216411357 34.22552194398513 -72.8938568448605 30.630289434902334 11.739334183522317 19.400159776437935 -12.987853242775826 12.86347002914371 105.94860609423066 0.0 0.0 0.0 0.0 0.0 0.0 0.0 0.0 0.0 0.0 0.0 0.0 0.0 0.0 
-44.71420714802431 10.436530196210162 20.340672373519038 -23.02435739770952 44.571302042618306 31.247265438004 25.028312570868117 59.578153026552684 55.02024419665178 9.726096925598814 28.216937189004366 38.09319386438263 25.333622379342177 44.2080284909654 24.69163949120577 14.871747171190165 -48.65211236097898 -7.8774956684299875 -11.429658037068297 -28.26912169442288 -36.27363858473451 -48.36594217605289 -47.88421251491339 9.088494685057903 -1.5804665228482495 10.352347215142252 -19.562451178464322 13.73810122636566 -19.781680086452685 -81.82507766183079 64.14206423129092 -11.662537102871061 -51.48419167404026 1.2457405185384773 11.661013119713772 -16.21825746048435 128.80996366119322 0.0 0.0 0.0 0.0 0.0 0.0 0.0 0.0 0.0 0.0 0.0 0.0 0.0 
27.09226220248561 -70.07090015607906 -63.77298070473844 -15.993982137468926 17.315016334131453 -1.0747229422685873 -36.15549694911719 -96.56124007112292 41.866694850086525 -87.1100837035806 12.4671032499052 5.631166834132928 -82.92101035602825 -51.8160955305727 -56.07433974206648 -44.68408503344424 -22.90246998352793 37.32496611032686 29.23103909648838 4.113308766723299 -0.336710664442019 19.25026404455968 47.117861286108855 -44.14548975722223 84.85165549546956 -33.6326191280963 -20.68108566045991 -85.60329479219257 -39.1743090885654 -18.108517671318385 -52.02986236380505 -42.57270643787421 1.6929686365837402 74.13470303314037 -29.30240109679872 39.53853654012575 7.8502797574433085 145.78467485253293 0.0 0.0 0.0 0.0 0.0 0.0 0.0 0.0 0.0 0.0 0.0 0.0 
-26.389350908425367 10.227568395132629 16.689084923289965 6.760685445733068 7.694994897289374 62.94974029893095 23.228574961829228 36.50840764295929 8.555647125729168 -30.59877467582318 42.26697159599387 16.532952825322656 -43.43819510520017 -52.98318934077877 60.42049679105122 -18.9124834613022 -9.77449389487994 18.064158713347332 44.39222457105142 -18.70342289359677 16.394027680911766 1.6852509955405481 -10.684914674608976 -19.605632411458753 29.528053557908393 1.3367357577663053 -18.916295806906337 19.317585786667685 5.600133863120233 25.532402126086314 0.5938169622003526 -41.20424625621168 -1.463059479793098 -2.4934972929665755 -64.53562354038242 17.954968684654457 -41.27065918300067 52.60733546082243 126.3260920195676 0.0 0.0 0.0 0.0 0.0 0.0 0.0 0.0 0.0 0.0 0.0 
20.315962022044562 1.966649286376289 -52.8981212391696 85.74160252314293 57.47948166731204 26.326871292530456 107.45207635274868 -1.0643312640276383 -14.263565394824939 -49.5725233986098 86.13901686118619 -15.575997441079567 -30.702077727949085 -3.4150847854117368 3.3070492547763886 0.21188255781246088 9.800458258057603 -35.700311512429145 6.866640123379321 -24.74149041352387 10.39228483479633 -39.90367807960722 19.633449563335418 40.78197395572993 27.86630520408497 7.975858811509889 -0.5986313142230595 -8.097569265783443 75.9951429172888 -31.62856372096189 -32.72263888617963 0.5891935679609683 21.42115493543379 1.4148229089053066 9.596183723689286 -31.804591233828752 34.350713159043366 -11.549810211747728 37.22863013952375 93.37334120187344 0.0 0.0 0.0 0.0 0.0 0.0 0.0 0.0 0.0 0.0 
-16.01708696561295 5.022642163729334 72.69459403682038 107.46418306389666 -2.3143341530535073 1.304788833544506 6.1889273888117415 -46.46797979041752 -1.8289573350458919 -19.96709846722815 59.93662279326252 57.06282781782108 19.763929596837936 -60.33708970471754 -61.015578150922224 -30.940201738647122 19.466384378212346 -12.460883190488774 -9.208835811217234 -45.398738697692266 1.7719604919719167 16.553979963765546 13.45867279943374 58.729483993032375 31.316912381385446 -13.443551475856772 -3.406059823302669 56.33280205834991 3.307526654550729 -30.130631287818627 -31.852756601485275 -32.348094839015026 -23.86699148381752 22.856690187812678 -31.677834921905454 40.899470742362155 26.87134132570629 13.795572845138615 -12.029009833690099 5.947691562233155 75.38238636874719 0.0 0.0 0.0 0.0 0.0 0.0 0.0 0.0 0.0 
-35.41852558759619 -34.87828606519902 10.831916721994324 29.337153511419984 -22.350732733670487 49.58548448677729 57.84676618961505 6.408012538170113 -35.56992597075209 30.090716095726588 5.054624843261604 2.2183650076380674 18.470168036684125 -22.25815065015262 11.229241171313848 8.163500420123237 29.690068036842245 -22.589611981878026 -61.79189671331952 -45.037094310881656 -13.037308419461475 17.601083378846585 -9.261577511027278 20.21728319381917 -16.132586351046715 -23.179254450617506 -6.156342557695135 23.334387439593442 -14.84455924553946 11.087084221772228 3.1347714551299424 22.25383779113713 2.5143087502887 10.169728807793883 9.919674460468638 27.250523738934756 -18.654835691613652 -3.1384267818547404 1.1313907791477957 40.67628132770271 2.929580327977586 96.5841019769875 0.0 0.0 0.0 0.0 0.0 0.0 0.0 0.0 
-79.83561547226265 -6.790168308056024 -40.783204819250464 -131.54590564716386 -66.34613032330036 -36.719508795047574 -106.11664692787032 3.6893440157264568 -5.196351242352289 -18.13174023539424 -27.47608268377973 -28.793481571579566 36.16230990753884 32.80300739854865 30.44486759139463 -16.443225565670318 10.116711300754089 -53.06751340283446 -48.92095169618531 -14.067139841663113 9.683354707595273 163.92561962165473 1.7267006900649622 -28.938853362896094 -36.08057293325098 -62.9356272639641 -9.04227239493231 -26.737185956824526 -0.7493726416775836 -21.836696085613617 -46.568215385169204 -19.657316633500013 76.8664219683146 49.80239808607764 38.41651593244328 -26.884171426578426 -38.85206527910576 42.2058852526969 -7.198965115955951 -8.915232190794452 14.592619530130818 -53.067925667252354 76.34317314771326 0.0 0.0 0.0 0.0 0.0 0.0 0.0 
28.444602425339706 -40.645603182486404 -3.235833615000386 85.01085093643641 20.85007416697052 -5.345474015105037 91.75072257068356 -79.02534692160384 -17.615893890167097 -32.17188965728513 43.76434784484688 19.39314333402701 -7.468073305669963 -35.20914527700368 30.29343733362155 -14.334286270952909 -24.49826909910263 12.791974791434017 12.799587668606264 -21.64844794594204 -66.54847885501282 -4.9485466143254655 17.74042888558187 65.44759216368342 2.7898694882165014 0.3802346237847515 -3.3884264107047506 -83.06357639531154 22.939915757741275 7.099309685219447 -37.88936438232916 -40.661795913553014 31.43661790268867 22.463298465152644 -48.10325749727081 -17.53768475198257 25.44193017877743 76.32466071160137 32.706684882808666 32.835113437593414 -11.922196148930505 -75.77497834654424 -31.32717537812068 83.1605889837961 0.0 0.0 0.0 0.0 0.0 0.0 
13.101113318086176 -43.52764458555172 -1.5091422782316513 -153.7541836074931 -116.10966681036615 -23.106881570206937 -125.66998533277736 40.11692334214393 59.06387864334087 42.68383492591469 5.213230589597411 -56.211146671307766 21.674436819274625 44.725002787917134 -36.288751873246895 66.38791025186576 -67.20314620809637 92.74046257890275 39.54432642054577 -1.7987853715482152 5.121447442188777 38.785692757113225 61.83383000073982 -63.04015065944659 -31.289917213100413 -33.22279096702123 28.888596403993432 -38.96583735018649 26.827588831176364 -60.3482816852896 -24.594485399995072 -26.698088292169395 54.45160201649656 2.0715682772733484 -24.352951879979734 84.99114043005875 7.3200920003688985 -28.846641515689413 17.979152640578288 -49.012625754575495 -2.969500341236806 -23.032853235983186 -9.566376743916805 -27.402354507233117 95.88421707415182 0.0 0.0 0.0 0.0 0.0 
-0.023678589150882553 17.770433532582917 36.1139416655902 -6.27027203410995 -2.929714864350145 -2.6150909676784333 -25.595497853584376 -1.6547905828325025 -4.688782929381264 17.813913812897287 -40.16645740145588 73.23707864667342 35.07980232624675 53.95325332586188 5.115878256343811 44.98543407841787 -81.99660100798428 20.945928971026056 1.8744008571555901 -11.774255935684918 0.2787715141404817 44.49894931677558 -13.670854507429377 -8.542269789647786 33.4076215981279 -49.2352743194994 -12.163090878723507 -0.23503498021887034 8.469159570843164 7.219113313162072 19.16186654299757 42.16136323044018 -1.6755932036470536 -38.93202810702169 9.626788189476708 -20.396442911466814 -2.2995949690558657 -5.080203229186915 10.751001298820759 5.577893335735859 47.469814573628305 15.603863880644393 62.638684033280214 -57.04754024061733 -39.82422293893611 84.76973612821395 0.0 0.0 0.0 0.0 
66.7316247392916 -42.80791382519695 -13.989034623887528 116.61489513704275 -41.987916656592354 19.028392412093957 145.1143166613432 -52.21628275031541 9.918177230289963 -19.897358533700782 -18.370644527221028 -20.650771539144056 -64.25263108821912 -34.666812368945706 -24.917106360460487 -37.69863368127995 45.084686708068624 -47.36280477326414 -41.57958042515292 29.256988221022745 -18.95186003032505 -4.085502408309037 -14.978690872919145 57.8000119198545 110.62706883248146 38.024288455165326 23.216479418501688 -54.50626365515224 -20.441372226096902 -22.11818729997196 -7.440688322560305 -63.467497254786515 -13.153118956658892 2.9410285572672317 35.34051444540363 36.96164474294576 -81.40675010490584 0.3117860706503723 18.85095935880799 -10.374120016996649 13.009574554562604 18.015365618950113 -21.099514064361372 8.42526654664093 11.144944317764653 -22.67894535084776 47.501497593604235 0.0 0.0 0.0 
-56.00656630980611 -73.02022430535662 -45.73519449033961 36.86016376359026 9.156005054693615 6.355114233995279 17.70897868913598 -20.98863241126005 -49.59281432252803 -18.700625120071315 -19.63649330628765 -9.682165320452842 -43.3833804362111 -77.00609448834223 8.300376441178598 -52.392303439395945 6.516107492028487 -125.4973690795076 -54.551199544452516 73.37738511966336 18.18185616245771 75.35361233447733 -38.24354843038775 -19.703157330028667 27.62706518741956 -3.3212792351643174 32.28327829583127 6.895048114735103 -21.18456374397299 58.55915561135958 8.08805663586191 29.72070492304947 -9.395630575703622 -13.98141201884138 90.07908308523258 -41.30375468029457 -3.6776608797817825 22.221138426958188 -3.6830051321745834 43.01945038675349 81.841189409333 -49.18159487425845 16.598559667316955 44.814772729939804 26.68679323138844 -11.73522473620597 25.93395276372207 94.02803656051782 0.0 0.0 
12.491119556682687 -79.9134657234821 20.49346146054868 78.05750035108893 77.12258246779656 61.680145193938756 18.58167875230056 -27.104285092281735 -0.15096611470217833 20.74792005684382 -47.05374834678317 51.010671907955654 -21.87871059742378 -76.44215689594043 18.176944340239785 -14.98666401816036 47.20735801053507 -90.62297999570907 -4.655429849217434 10.211157703024892 -4.588227730899945 -31.25849378658854 -47.616318903380254 32.31185978192873 10.267267250392294 -2.2065812030566962 -5.620213274402886 63.644623220831434 4.865278531292098 41.45670453094957 -9.38048888967358 11.000357253476261 -31.25166329956651 25.167368757898085 5.166219071753448 33.49932174886784 27.76995581826123 49.98718227436334 43.98919826726417 -44.68912099965571 -26.185413082096122 -47.92836769655028 13.77508523327351 23.871919034744444 13.505995930442333 -23.25761756075621 -27.57438749742386 0.6151408625800789 54.244947137399045 0.0 
1.3412623609423588 -51.6102786909973 -80.79268043245335 -27.963809858261662 1.5845867675858556 -28.245006209507338 20.27990331531829 28.876792800468134 48.33097768796971 18.158005325649956 5.213849082153312 -13.091493208842987 -40.242682882079926 -13.486325712868515 -25.796673118112285 -36.01236710402353 -13.846345347995696 -0.4061507981131341 -28.570765113409447 10.529221289191 -19.14608754130127 -24.20489941049243 -35.616012575597175 -4.092587349949252 -22.761316877878542 -9.474882169707412 8.194510330307835 -28.681927706534285 -12.090011102058572 42.65730591688499 67.76184183313048 14.26679427723434 -21.886598600197956 -38.192944154831665 -1.6133927013251381 -50.90248484175411 44.39811000171535 11.756082172831404 14.389386217101812 -24.9963746182417 28.641805921903572 48.964792904071615 -16.199054584060274 -14.938039582951083 14.280348719247575 -25.601866414842185 21.946996453667815 25.135260142080785 -13.701986453753415 57.49985162297517 
