0.3438946399163905 0.17344981426475112 0.47716386111139264 0.21993261477951911 0.16801381400812662 0.33044688738249683 -0.14851245022785295 -0.6427923248279155 0.22726237136571292 0.14859546762068088 0.35490193666035846 0.027085819055602055 -0.10974550979055285 0.0849162462299391 0.03736813485897142 0.20856166040012653 -0.2665598331787321 0.09758513672310408 0.02392623126595638 -0.440453128774184 0.31705603575594843 -0.21655052569263603 0.04884404935432436 0.1771643976347182 0.24983678610647564 -0.8976876643913518 -0.41075974797366616 -0.21178468369767242 0.17767827779873788 0.04971651195686239 3.079050747023172 -0.04348476736907203 0.05694048366159372 -0.7897889003079491 0.032217131717512296 0.06837787832214871 -0.015806353354300386 0.10237960244831268 -0.12622560229791094 -0.04642041163508516 0.11146573131887552 -0.13531918203823964 -0.10900246439275639 0.3327505369161092 -0.16298530356073462 -0.1499533297564644 0.4373806231011349 0.3337406735744817 0.07079346461337964 0.16448849802874146 
290.3922174364523 0.0 0.0 0.0 0.0 0.0 0.0 0.0 0.0 0.0 0.0 0.0 0.0 0.0 0.0 0.0 0.0 0.0 0.0 0.0 0.0 0.0 0.0 0.0 0.0 0.0 0.0 0.0 0.0 0.0 0.0 0.0 0.0 0.0 0.0 0.0 0.0 0.0 0.0 0.0 0.0 0.0 0.0 0.0 0.0 0.0 0.0 0.0 0.0 0.0 
-48.15459660092859 243.09385573026708 0.0 0.0 0.0 0.0 0.0 0.0 0.0 0.0 0.0 0.0 0.0 0.0 0.0 0.0 0.0 0.0 0.0 0.0 0.0 0.0 0.0 0.0 0.0 0.0 0.0 0.0 0.0 0.0 0.0 0.0 0.0 0.0 0.0 0.0 0.0 0.0 0.0 0.0 0.0 0.0 0.0 0.0 0.0 0.0 0.0 0.0 0.0 0.0 
96.91214280201987 -128.2600205776216 355.0515762398036 0.0 0.0 0.0 0.0 0.0 0.0 0.0 0.0 0.0 0.0 0.0 0.0 0.0 0.0 0.0 0.0 0.0 0.0 0.0 0.0 0.0 0.0 0.0 0.0 0.0 0.0 0.0 0.0 0.0 0.0 0.0 0.0 0.0 0.0 0.0 0.0 0.0 0.0 0.0 0.0 0.0 0.0 0.0 0.0 0.0 0.0 0.0 
175.7584093155481 -58.17989037678547 109.03520750802572 274.2502852282354 0.0 0.0 0.0 0.0 0.0 0.0 0.0 0.0 0.0 0.0 0.0 0.0 0.0 0.0 0.0 0.0 0.0 0.0 0.0 0.0 0.0 0.0 0.0 0.0 0.0 0.0 0.0 0.0 0.0 0.0 0.0 0.0 0.0 0.0 0.0 0.0 0.0 0.0 0.0 0.0 0.0 0.0 0.0 0.0 0.0 0.0 
-185.4286896374387 42.84586403098396 -25.019051414727677 -102.7726193842787 269.21221909318905 0.0 0.0 0.0 0.0 0.0 0.0 0.0 0.0 0.0 0.0 0.0 0.0 0.0 0.0 0.0 0.0 0.0 0.0 0.0 0.0 0.0 0.0 0.0 0.0 0.0 0.0 0.0 0.0 0.0 0.0 0.0 0.0 0.0 0.0 0.0 0.0 0.0 0.0 0.0 0.0 0.0 0.0 0.0 0.0 0.0 
111.22069000976855 78.42723841148974 -8.795285878014331 13.354371055333859 -50.548712538365734 288.21838093572745 0.0 0.0 0.0 0.0 0.0 0.0 0.0 0.0 0.0 0.0 0.0 0.0 0.0 0.0 0.0 0.0 0.0 0.0 0.0 0.0 0.0 0.0 0.0 0.0 0.0 0.0 0.0 0.0 0.0 0.0 0.0 0.0 0.0 0.0 0.0 0.0 0.0 0.0 0.0 0.0 0.0 0.0 0.0 0.0 
6.175565427141867 -53.69996676400888 -24.741418226296126 -27.17647999232351 67.64656079590843 244.13145841276696 225.84466359662486 0.0 0.0 0.0 0.0 0.0 0.0 0.0 0.0 0.0 0.0 0.0 0.0 0.0 0.0 0.0 0.0 0.0 0.0 0.0 0.0 0.0 0.0 0.0 0.0 0.0 0.0 0.0 0.0 0.0 0.0 0.0 0.0 0.0 0.0 0.0 0.0 0.0 0.0 0.0 0.0 0.0 0.0 0.0 
-24.246896127729112 -54.27688430065858 -92.7429707630107 -34.21733748112774 84.3626136503263 -63.603456877743746 117.68914867341886 279.95012249081884 0.0 0.0 0.0 0.0 0.0 0.0 0.0 0.0 0.0 0.0 0.0 0.0 0.0 0.0 0.0 0.0 0.0 0.0 0.0 0.0 0.0 0.0 0.0 0.0 0.0 0.0 0.0 0.0 0.0 0.0 0.0 0.0 0.0 0.0 0.0 0.0 0.0 0.0 0.0 0.0 0.0 0.0 
118.21278076799085 -132.46153202064505 80.9764528271851 90.47049285375407 6.964169451398601 2.336647080054707 -9.390148465190531 -27.57828272882722 225.8708558588315 0.0 0.0 0.0 0.0 0.0 0.0 0.0 0.0 0.0 0.0 0.0 0.0 0.0 0.0 0.0 0.0 0.0 0.0 0.0 0.0 0.0 0.0 0.0 0.0 0.0 0.0 0.0 0.0 0.0 0.0 0.0 0.0 0.0 0.0 0.0 0.0 0.0 0.0 0.0 0.0 0.0 
-23.931412574996557 -26.54713050655538 3.1724275290540467 -1.4219640005910412 24.235531304985845 60.629364653704215 4.4592902224026005 -67.00691086153974 16.554449484474166 166.27731851615937 0.0 0.0 0.0 0.0 0.0 0.0 0.0 0.0 0.0 0.0 0.0 0.0 0.0 0.0 0.0 0.0 0.0 0.0 0.0 0.0 0.0 0.0 0.0 0.0 0.0 0.0 0.0 0.0 0.0 0.0 0.0 0.0 0.0 0.0 0.0 0.0 0.0 0.0 0.0 0.0 
45.05668529878453 -95.97142398755759 79.63726583284962 5.247676362599343 -44.574683891769965 117.3917099288911 1.1924295158662317 -82.74696557817013 37.06308325823273 -7.507427956364051 165.73755524589362 0.0 0.0 0.0 0.0 0.0 0.0 0.0 0.0 0.0 0.0 0.0 0.0 0.0 0.0 0.0 0.0 0.0 0.0 0.0 0.0 0.0 0.0 0.0 0.0 0.0 0.0 0.0 0.0 0.0 0.0 0.0 0.0 0.0 0.0 0.0 0.0 0.0 0.0 0.0 
65.36428263683776 3.691180582052233 -61.0491695885404 41.47207973674104 -41.303696002294224 -29.571369351562524 95.21111607283083 -23.314703560987986 -8.655393450380277 -27.23931588984365 31.94278453901483 177.39165659731827 0.0 0.0 0.0 0.0 0.0 0.0 0.0 0.0 0.0 0.0 0.0 0.0 0.0 0.0 0.0 0.0 0.0 0.0 0.0 0.0 0.0 0.0 0.0 0.0 0.0 0.0 0.0 0.0 0.0 0.0 0.0 0.0 0.0 0.0 0.0 0.0 0.0 0.0 
-69.95088258670215 -97.56326798193996 47.0512542989458 -2.8798079224373736 67.08163478127392 78.32826010340605 118.42368077199511 -28.819536496231336 35.48867625278741 47.69555426579813 21.814579204794864 -14.860242094189122 219.82145788559203 0.0 0.0 0.0 0.0 0.0 0.0 0.0 0.0 0.0 0.0 0.0 0.0 0.0 0.0 0.0 0.0 0.0 0.0 0.0 0.0 0.0 0.0 0.0 0.0 0.0 0.0 0.0 0.0 0.0 0.0 0.0 0.0 0.0 0.0 0.0 0.0 0.0 
102.3011126605255 36.00770865126278 69.72652274542479 83.45963756255459 -44.93110915037071 12.783330472915738 -16.193004003367996 17.600259514001106 -43.15948730402366 31.799418478218612 -66.63474092947621 1.3216366899461693 -51.98972214223023 162.0974285073127 0.0 0.0 0.0 0.0 0.0 0.0 0.0 0.0 0.0 0.0 0.0 0.0 0.0 0.0 0.0 0.0 0.0 0.0 0.0 0.0 0.0 0.0 0.0 0.0 0.0 0.0 0.0 0.0 0.0 0.0 0.0 0.0 0.0 0.0 0.0 0.0 
-200.90643524974982 57.85104406079955 -9.157938553107996 -158.13994969581373 64.82465642775604 -121.80965730200415 -146.62163478846762 79.10655598634445 16.459022335685003 -44.3029698126118 -48.83495154173518 -37.67704729581214 -40.636470830659576 -30.643742573244317 242.89676907576037 0.0 0.0 0.0 0.0 0.0 0.0 0.0 0.0 0.0 0.0 0.0 0.0 0.0 0.0 0.0 0.0 0.0 0.0 0.0 0.0 0.0 0.0 0.0 0.0 0.0 0.0 0.0 0.0 0.0 0.0 0.0 0.0 0.0 0.0 0.0 
62.074833020279456 -55.95600655310795 36.73672527664286 13.35949726874246 -50.534015556570374 60.10148941980156 35.26132464353292 -5.566023972350102 9.219527081398034 20.347264940941187 34.115448233165075 34.031924144572734 -57.71377426775376 2.2771276671301948 -3.024581567703062 137.02638729684253 0.0 0.0 0.0 0.0 0.0 0.0 0.0 0.0 0.0 0.0 0.0 0.0 0.0 0.0 0.0 0.0 0.0 0.0 0.0 0.0 0.0 0.0 0.0 0.0 0.0 0.0 0.0 0.0 0.0 0.0 0.0 0.0 0.0 0.0 
-82.78227059656393 25.14231713426789 -125.53070202840418 -35.37090992910832 43.99564274755491 -3.1783243518170057 -0.3252266722769642 59.135047236861965 -7.700513699590667 15.700388055211809 -51.04413609768604 2.7290980713471056 -37.383925334931035 -6.95997381730224 8.982601946922097 -2.3214160848422742 171.304856785749 0.0 0.0 0.0 0.0 0.0 0.0 0.0 0.0 0.0 0.0 0.0 0.0 0.0 0.0 0.0 0.0 0.0 0.0 0.0 0.0 0.0 0.0 0.0 0.0 0.0 0.0 0.0 0.0 0.0 0.0 0.0 0.0 0.0 
101.20025490058526 46.33403457021042 24.139989055686723 70.86395324259725 -93.7841819869296 62.1322082223631 -12.062028256136307 -110.27585608183787 -47.11344461720543 16.347368413383887 137.0686242490169 -9.726570070675056 20.78440712442696 34.56104419897508 -3.8218720618161846 -56.73303828526272 48.60933542868259 236.2584623172473 0.0 0.0 0.0 0.0 0.0 0.0 0.0 0.0 0.0 0.0 0.0 0.0 0.0 0.0 0.0 0.0 0.0 0.0 0.0 0.0 0.0 0.0 0.0 0.0 0.0 0.0 0.0 0.0 0.0 0.0 0.0 0.0 
90.94802128031736 -73.06618043227694 -40.50738615882588 52.128149169932385 -23.043491264800437 67.04540330854023 82.94539743427272 -56.90656906870558 46.9542936348331 9.583234389721095 -2.5995522667273683 120.0651455521599 16.678444520395455 -30.184218716718004 -16.24073852695245 -0.4168757665046172 27.55558735559634 13.884068803928313 189.56306822525818 0.0 0.0 0.0 0.0 0.0 0.0 0.0 0.0 0.0 0.0 0.0 0.0 0.0 0.0 0.0 0.0 0.0 0.0 0.0 0.0 0.0 0.0 0.0 0.0 0.0 0.0 0.0 0.0 0.0 0.0 0.0 
94.49021493870337 76.15959283077213 18.60172937754948 73.5326585807358 -14.13706573350139 -60.00679860789157 -32.283106399826885 87.08406416875515 56.352117721479736 34.931845386031455 20.189418238847633 -50.115463996577596 -11.391016764157907 22.52791819520388 -80.48532422243505 46.14438986475121 -21.997571183548622 39.013369843467146 -9.590876326376572 183.7668324878235 0.0 0.0 0.0 0.0 0.0 0.0 0.0 0.0 0.0 0.0 0.0 0.0 0.0 0.0 0.0 0.0 0.0 0.0 0.0 0.0 0.0 0.0 0.0 0.0 0.0 0.0 0.0 0.0 0.0 0.0 
-2.829414086815527 -114.05254310223233 59.09589694426407 105.71486366164721 1.1328083513977347 -88.27571422647472 0.07459090225064055 14.971765357927548 86.86151602448105 66.22517705453171 14.550978266346199 -5.448483764340467 18.69893344350265 13.515644217964356 15.17399424018304 -9.124408074943782 -11.973834772558405 1.8145042606216348 26.804080388103028 -29.675545025366883 149.97967841510717 0.0 0.0 0.0 0.0 0.0 0.0 0.0 0.0 0.0 0.0 0.0 0.0 0.0 0.0 0.0 0.0 0.0 0.0 0.0 0.0 0.0 0.0 0.0 0.0 0.0 0.0 0.0 0.0 0.0 
41.546828955492295 143.59832529966317 -139.75533800207242 22.474499285577775 10.585487641402631 -179.79119230720772 -80.32636737325716 -19.138833757940468 -38.194949712468656 45.93509190065506 -22.934478973725135 8.470368753582907 -54.39788370001398 -24.42091469662921 -74.15099254701181 -6.040333168853706 -48.31263206656647 61.756716554640725 49.80109287288438 18.178460799430383 -14.853830229888867 137.51146776831902 0.0 0.0 0.0 0.0 0.0 0.0 0.0 0.0 0.0 0.0 0.0 0.0 0.0 0.0 0.0 0.0 0.0 0.0 0.0 0.0 0.0 0.0 0.0 0.0 0.0 0.0 0.0 0.0 
32.04898812041638 -33.09453275474168 69.92148404860161 31.018033208249157 71.18298210148835 -11.70101095389058 6.732840205705894 119.81780706621102 28.868260383544968 28.05983041669841 -27.400153035451023 -25.45405263172069 53.480053790919044 -40.37530608914199 53.71162834674747 9.229320067935939 -33.06783287459033 -64.78132293078859 -5.181125929757986 9.487612699345611 30.48920175683085 67.6707004757092 145.28251322847757 0.0 0.0 0.0 0.0 0.0 0.0 0.0 0.0 0.0 0.0 0.0 0.0 0.0 0.0 0.0 0.0 0.0 0.0 0.0 0.0 0.0 0.0 0.0 0.0 0.0 0.0 0.0 
102.52726121093652 89.98400516639197 41.12195215568952 93.28194872530081 -44.476233904272 -82.15915503836031 -48.04140005956637 14.682730140789296 -9.95880368760435 16.218249155795252 29.880495246131062 30.48205265996721 21.25620121097465 19.239604476659334 -25.883426171316078 -34.75644884134355 30.061519869583368 67.4666796741168 31.550570886754684 8.589133923712426 31.835412545835634 18.041547870872876 4.278166056936718 176.11511910736212 0.0 0.0 0.0 0.0 0.0 0.0 0.0 0.0 0.0 0.0 0.0 0.0 0.0 0.0 0.0 0.0 0.0 0.0 0.0 0.0 0.0 0.0 0.0 0.0 0.0 0.0 
-38.065824670253534 0.7027165254811556 -62.25788306884297 -57.15957656748386 -4.357862550387561 62.755922679844645 79.02510262131473 46.3012494600217 0.83264962719107 40.05538749749338 29.093281535121417 45.067164245946465 17.086931274639582 -42.30424257977508 -38.38856242715918 -5.872608575600168 -25.269019677860925 45.29365021030864 74.67633082669971 -29.294986320974523 -85.11333764138985 98.25073154928867 3.0215927842373826 -31.620201269813144 175.87773083572193 0.0 0.0 0.0 0.0 0.0 0.0 0.0 0.0 0.0 0.0 0.0 0.0 0.0 0.0 0.0 0.0 0.0 0.0 0.0 0.0 0.0 0.0 0.0 0.0 0.0 
41.18769941571484 -49.20227208227822 67.08268262859167 68.07430322390165 11.827722099184808 175.2793264967165 19.873355289915946 -80.04865335972836 18.534632525691272 63.851072593750345 25.344113729778524 -54.28416387724849 120.86039366733013 -22.03890305630005 14.619332336006817 -35.64767657863255 24.908244788511436 -40.3130831558244 31.775108474634568 -72.97490363681321 50.48470120302525 48.75520642117914 43.51821738398934 15.970123728330911 66.0941839357659 133.8944168252819 0.0 0.0 0.0 0.0 0.0 0.0 0.0 0.0 0.0 0.0 0.0 0.0 0.0 0.0 0.0 0.0 0.0 0.0 0.0 0.0 0.0 0.0 0.0 0.0 
-5.931180821141983 -124.93901135132816 -4.364374904710561 34.17830051169158 -76.1649180332716 19.914076151437385 79.96580270966976 133.78352656371814 39.546074661268015 23.501473669827007 29.117965368292744 -10.005353140876407 -28.401977311365467 -6.802887060214061 -56.62521493004693 34.53960144952424 19.439651344804314 29.120502414585378 4.433987448343515 22.948798004562743 49.186524017401524 -21.827075834796588 -78.57254117165382 29.51028388750976 13.454802615076778 39.08490170243494 143.9577630248782 0.0 0.0 0.0 0.0 0.0 0.0 0.0 0.0 0.0 0.0 0.0 0.0 0.0 0.0 0.0 0.0 0.0 0.0 0.0 0.0 0.0 0.0 0.0 
-5.950508830337035 28.451795058901777 21.04081992068194 -43.83289275244424 24.19934090515784 63.76427767285239 -15.873339821330191 -18.55549921485772 18.865761440850704 23.211347181114206 -77.81227038406838 -30.33047302406307 -42.36066409955425 26.14212214444962 41.37058041421376 95.9958980163616 -11.462111806069771 14.99668846389311 -51.38564932317805 -58.40405900408364 -58.18653860682838 -32.174467778027 47.25506136259513 -37.13043440471946 -14.961159825268396 -37.77708022813979 24.953254957280024 132.80703972866218 0.0 0.0 0.0 0.0 0.0 0.0 0.0 0.0 0.0 0.0 0.0 0.0 0.0 0.0 0.0 0.0 0.0 0.0 0.0 0.0 0.0 0.0 
26.02302766193268 -45.64880176129544 -29.882949482436192 -4.44234575339249 12.815619930577855 -13.748523857997133 12.427485301969757 0.9033437679525369 20.379449968238347 48.764338510097375 -23.40325638018475 76.98288674626072 -40.09216577120272 -8.92764623532509 20.76997633243047 36.64520821430613 1.6668020077062156 41.06502631607491 -38.644776927770785 -12.141067794856681 -36.352799922586605 -21.00965229811 -0.15986060899432156 32.77541937334429 -22.78242071100087 29.385831005429647 49.46227428805834 -0.9747146678983449 156.97049864338032 0.0 0.0 0.0 0.0 0.0 0.0 0.0 0.0 0.0 0.0 0.0 0.0 0.0 0.0 0.0 0.0 0.0 0.0 0.0 0.0 0.0 
-167.02918700754904 -34.059704720265664 38.236311127157144 -109.86079166205604 -52.61435825835808 -19.770044270459422 -42.302502562174844 -68.42676894945424 49.04923150091682 -43.183235831457246 10.707203778542764 -53.27311302553419 -55.687835434065256 -21.698139181510673 48.969100165077315 -0.8861192450229138 24.786105724717903 -9.539624266420855 17.171143856513126 39.196624089873524 17.18700201478097 -87.77620073749702 -12.34710993911411 27.764536667861773 -55.36004005465286 -19.856274687946954 13.731740714466143 -8.4980516113478 8.128535191328206 155.33261022774423 0.0 0.0 0.0 0.0 0.0 0.0 0.0 0.0 0.0 0.0 0.0 0.0 0.0 0.0 0.0 0.0 0.0 0.0 0.0 0.0 
-112.7139259565062 -89.92490128863939 -29.95115791857317 -4.345442951918787 -94.26136323483429 -196.16579781787476 -56.44548799975688 37.91504207181742 0.39513527339360166 -17.971172769752947 12.559062018630092 9.019253110648043 -17.931161750560356 15.146191443015141 7.652763761774028 -67.75573205897167 55.809447530312596 -76.83312059197075 22.13008537874067 26.07370482853001 -21.40367087374675 -35.93349164812812 -40.94885383391685 48.706497967042694 -32.84091288021573 -48.48812514658483 84.56963219921634 -65.59383037588636 44.412154994839945 35.966731672142885 143.16707077931346 0.0 0.0 0.0 0.0 0.0 0.0 0.0 0.0 0.0 0.0 0.0 0.0 0.0 0.0 0.0 0.0 0.0 0.0 0.0 
-8.158061778293426 28.441792983963268 12.210211235147888 -23.616960231395765 -20.875942141869753 -32.30187916887563 19.93354126822509 110.72334558076233 -47.0513903731662 103.2270750533183 59.06840142221965 -33.45042800104672 -47.928040815851 -6.837934478073962 -1.768495704997639 26.214902055912507 23.2906794595622 32.442144204451736 23.072790696274534 25.99982203676774 -1.7219368968434428 61.39508854442793 5.335358827346566 104.94857576528979 -64.7047690620329 39.90327415505049 13.40290348784618 -41.539608155823544 5.004620418748188 10.064303000617665 -11.596394460697436 139.76131899856023 0.0 0.0 0.0 0.0 0.0 0.0 0.0 0.0 0.0 0.0 0.0 0.0 0.0 0.0 0.0 0.0 0.0 0.0 
14.993351842088208 -10.489336526495482 193.26645532283553 15.39450555579914 15.035023320428186 93.51262610466154 0.4960569249456795 66.00858155124038 51.89766645059124 64.99152589196176 -8.74256613121246 -88.58935331860535 98.95018073352314 -50.77500990308924 -8.977195394345136 16.404252877170187 -42.28195507157131 -15.092450855062609 -57.56076906405004 16.65616606188473 -39.16693085476194 -10.857021050250603 54.81155248413998 31.417937750258783 4.382617098821705 28.658982922242767 -39.863992971251704 25.982345020315588 -24.751424829406186 11.959140143572489 21.36640299455108 47.2730616225046 114.98922104924875 0.0 0.0 0.0 0.0 0.0 0.0 0.0 0.0 0.0 0.0 0.0 0.0 0.0 0.0 0.0 0.0 0.0 
-207.97726197965454 -1.7595264032546962 4.99451461947687 -53.28776554394491 1.7722593578600756 -0.5105971108136114 -47.917032992854296 40.11774227807481 -49.7166718073479 -9.332660138441218 -35.790600956372735 -43.29643515072937 -44.53749003691745 38.14101320406268 54.47611701148722 -4.37352423332123 61.36074852565346 75.87555217448788 -71.00578062496095 -13.992481963928947 60.0157794567376 -88.54884559472383 -46.52599953656164 36.73456273672723 -48.53769413142394 39.552228054711534 48.91815412784325 -18.327336377956367 12.99151515215948 -8.944807645356478 -0.7351946176439239 -20.726596253361464 -2.2001768450643757 115.04987808331455 0.0 0.0 0.0 0.0 0.0 0.0 0.0 0.0 0.0 0.0 0.0 0.0 0.0 0.0 0.0 0.0 
-116.18462075379428 32.67888692772024 -28.977827344363035 -85.07886880161902 -14.889002593410671 67.34467936655992 -17.369636999888968 -47.56918953864986 -28.466355666638986 -47.0622354676101 30.407345944709622 45.86375327191142 65.17566456722773 -62.22623206723068 11.193512071168788 -52.67322778950639 9.907158108467641 6.316050982956845 -22.165980677944773 -81.98587261455225 39.48841169090671 -18.421340074133845 -24.120777683092367 -6.293880797049151 7.351658283573333 20.360760423036695 14.565867590433387 -48.86274314299736 2.5193168132293255 -19.528770126789595 7.273779844881715 -83.04616092586824 8.21690744008363 -1.5064931804490151 105.87596166171033 0.0 0.0 0.0 0.0 0.0 0.0 0.0 0.0 0.0 0.0 0.0 0.0 0.0 0.0 0.0 
85.19780154963337 5.212156453237956 -6.125497599776895 64.81220821092509 -4.3417385960529105 -14.75029505153718 43.27672417109711 8.911035356495537 26.459990708013247 0.35266421155202665 -25.586497365646807 85.21152225406051 68.04771002725647 43.81205900064524 72.18553383113064 -63.80295167033373 27.62788535634365 58.30155427280514 39.44039780798731 -34.35536325545459 -56.328452499552505 59.178742851427515 -8.832772612141785 -51.6094583003795 -1.4095289990683364 53.334172928941136 -14.623876416038096 23.84869683442779 57.17088382008563 -46.019181314886055 29.85386997237252 -17.33611922396026 31.561113672390416 -63.04655765085882 17.481388693804735 106.8789829846949 0.0 0.0 0.0 0.0 0.0 0.0 0.0 0.0 0.0 0.0 0.0 0.0 0.0 0.0 
-40.239289365615875 20.5019916903441 -21.28879356993488 -27.03350976347366 -38.23953619666524 49.42499950688217 50.62649056579314 19.465527671590607 -13.17426151747033 -66.17673575802121 -26.042950523490507 -26.86418921402325 18.3598922467173 65.04333920761671 58.91125905114898 -52.826100829854596 -26.359317113047418 -47.21023254797277 -35.789928036740605 -45.036576374801356 7.4600530112221515 17.175585074036444 -21.577343242339172 -10.848358062598797 18.82764600262424 8.94442560491091 16.997287444729253 3.7445403939531903 -5.46494615285036 -34.35449864187862 42.27237360203079 -18.9422819871713 -40.38154725726432 19.425569274236764 16.34816349047874 -2.5311500607867896 72.85745473099215 0.0 0.0 0.0 0.0 0.0 0.0 0.0 0.0 0.0 0.0 0.0 0.0 0.0 
-73.31047775692612 -1.71678119110246 -69.27649485161432 -17.60046847990201 -22.770103683303674 11.030547984443322 -92.44657210742523 -33.95560302419417 -27.97977663090717 14.534078161549397 4.955293163729051 24.23384999938104 -50.95287625342237 -30.899940458769397 3.400166090599523 -49.254127901503686 18.917827982922027 19.003811772643274 36.38125239692214 -30.95798001827538 -18.502996289684 16.62761369680745 -12.21367281794079 -67.63754942196057 37.83848371099177 -9.309627090248485 27.48010675340576 -57.25115884181302 44.91149653706545 3.0396711567981005 -20.138310399818685 -44.59523296804027 5.824982961819648 4.0017290463414215 24.05830285462389 20.222806700640405 -8.482685766309103 90.71610854323474 0.0 0.0 0.0 0.0 0.0 0.0 0.0 0.0 0.0 0.0 0.0 0.0 
-32.60259986635975 -114.08149702161766 -32.37602886889681 -39.60121550076321 9.253157680596368 27.092414076071858 32.18944970067866 65.36539694405907 67.65871625696339 -71.02775640123399 59.66939954264086 9.545001193685627 34.004184259576725 -74.05570481111624 -40.93742945499855 61.978120161859316 -23.67311124021603 43.15195348663479 -6.784314945790734 39.25183253030734 -31.972158375477008 1.9643126037539997 -34.07690860520017 -48.15281040606223 55.09160861977469 0.6271925158478435 22.777624132008594 -38.30809498544083 -11.28142498255354 5.128527531054711 41.94809717480352 -25.426742431592047 36.226671706913244 -6.310458390156686 -26.87902385498596 -46.99729574819595 -53.67485816001929 19.625855474805462 105.79745725855001 0.0 0.0 0.0 0.0 0.0 0.0 0.0 0.0 0.0 0.0 0.0 
74.27759481329295 -55.668077396610606 -39.17425147569215 83.7622273100043 -18.318915508555254 28.70300406604933 48.01739219378273 22.461819185705405 44.509647601021406 -41.82901159929983 38.287060919760826 -1.312475785359348 40.931980448935384 -70.06092829405185 -31.63180992206532 -52.551618330238995 27.98731063243367 7.464554050131406 16.17446857780828 5.5036925163879005 39.93896801217139 7.160598255693303 34.726957227533205 11.742660220553036 11.752130290534636 17.616667547194513 23.489501125704702 -22.839858647364228 46.54287512803196 1.4750854381035332 -10.334900674861178 3.1570663810340385 47.350184218823124 14.91228408858669 -27.269245914105387 8.401612690418771 7.091845080160216 -21.59762677671362 24.307198923842208 64.95712506409419 0.0 0.0 0.0 0.0 0.0 0.0 0.0 0.0 0.0 0.0 
62.45157115266275 -17.083522574464205 50.36294009428418 128.09799739475548 43.054753992305116 -126.03261039885356 17.490424731337168 -117.23665869050517 12.949805819730582 -0.39423188472343285 -20.794173223766308 85.51086306044017 8.107930669286608 -10.272982048626206 -36.423340230176954 -80.59495285723777 -21.666942895491747 0.1982015785699441 -12.760247864991902 -68.79710644201569 28.737108269558213 42.36824736099337 3.0092386127109094 32.489009539751116 4.607909560492795 -26.08480600157758 9.674940195692773 63.300443157657156 5.662597712258731 6.59898823727458 -6.700996415450205 -54.23611336796148 -29.424756895575868 20.436260065134057 -19.40107923992053 32.61778339607877 11.933525321805499 18.52732078568733 -6.356310786501446 -1.5239489980067564 42.66183953281951 0.0 0.0 0.0 0.0 0.0 0.0 0.0 0.0 0.0 
-88.27470075694825 -4.086075924336354 53.007344929295236 18.725273704643616 2.2250949704359644 -63.60276302948684 -26.317960986052668 41.92778040985912 -15.300598239161681 21.919712263235525 -76.20606342964817 24.753400496900756 10.315991983884112 -7.406929856729552 104.77206179058066 6.04824021433376 44.10954093921288 -2.171604452054319 -18.845433865902287 -17.599867759310353 -12.559379930364447 -0.8267540593533976 -11.557217326396998 9.98734253943977 -72.75475569897063 -45.976202557751535 17.681797185176382 67.82722849960773 -28.199604148327314 36.10484091226095 -28.452455788899258 28.81030703409107 6.492443272379336 -12.670992922106143 -15.914774837061724 51.44390399259596 8.183430900683508 -7.960046244110763 9.2171735547274 11.26383607610552 7.647513125077736 73.1678635401853 0.0 0.0 0.0 0.0 0.0 0.0 0.0 0.0 
-51.52072327728931 15.451192467837366 -6.377459060253031 -105.93257507314172 5.638264936036955 -110.67357958035167 -71.18513320893271 -78.69996097109536 -23.88652713124345 -99.57494335933484 -46.900626118489946 -12.927648434619528 5.0480558594665785 -65.29819423574078 19.115048922378264 -33.01896975467826 -1.6161550873352901 -29.14423937504716 -36.70758883137276 5.741388104341487 4.151395791891947 -24.655416145335295 -38.051896271944955 -11.539774626428297 -45.63451773329375 -16.321572439645568 -3.71223195528077 -63.49563628272397 60.38497466575485 -40.20324736486962 0.6672904078081662 -55.467487998789856 59.761443569497715 39.72203867710537 41.58178085963837 -23.99545431137896 -28.788290231047924 8.279412658414055 -13.843975473830923 -0.9412084040719594 3.0298592676579075 -25.141649362049026 48.03991539000958 0.0 0.0 0.0 0.0 0.0 0.0 0.0 
129.83171058270224 17.97693013887047 -14.425106186496912 18.50222088863428 -19.908829947526016 33.575129294903306 63.991938476049874 16.799171620506463 -8.185885050608055 -29.20033400173911 -14.65051365394974 75.181133269857 39.11264124502376 -40.999941548677675 -124.03944035542136 0.1841608549149383 -52.53316593451586 18.04856779863832 -10.953783900923645 84.61517253243991 -66.99377935884671 48.29383755419039 -23.386364159406746 77.07701160922798 21.853688157433762 8.056709448824119 0.31680455213731173 -105.78191140568487 38.830988582854026 9.371075508275522 13.441687331929977 -10.87310878087341 59.8891657096904 -30.72170696142602 -13.250681052760113 -18.538681723278675 -33.87907534838524 53.196224827536426 31.96059981490926 28.3983632509574 -13.991948492954393 -87.91574204371764 -25.942038567001585 74.11454050563185 0.0 0.0 0.0 0.0 0.0 0.0 
68.63826781031815 39.984959587771044 -83.42225197156633 -25.93063953505624 27.778615191784255 25.497117070265606 43.38789323598375 39.13912563493347 -0.8782173051897237 1.0919947325114217 -40.168292727269716 -57.04467114208678 31.519215515211823 -37.21072567074404 16.3766779002404 45.16159457968377 -73.48291458967675 50.07551453378617 21.307737183995247 -35.373351977766795 -16.659183191537945 16.199807398354245 29.378631418669638 -42.452774965626226 42.159644513856705 -6.109806268055909 -70.40801528361449 -25.189613537839513 -22.85396818264592 -45.34773475488814 -12.562324328765547 -16.329230379611943 59.030752426107554 20.884004308494003 34.51355794450713 13.787603345454325 22.855328813092886 -46.90131255658997 12.122476812277075 -25.56731988941591 -4.510962383395142 12.544824987985251 14.001036400153719 -55.59230876457472 77.81083530215182 0.0 0.0 0.0 0.0 0.0 
-30.8523331260466 -21.375578313004283 -70.39650202697793 58.4624705220458 -34.86891002764816 -103.65103444489819 18.979469476808692 -41.33516247139067 -45.48902668403966 -33.84405962611675 -22.51199820274706 25.531766070367365 -65.42931149447259 4.3742242042803445 31.757543566094213 -30.25549360473539 -6.268392068524161 -34.56446322219928 -38.26874996675154 -16.527510059623264 -27.328780025259064 -31.249158922155484 -2.435571636305621 -1.1726376258248181 -25.518971888519747 23.71198943338335 0.19233969604352782 -22.846873060614055 38.31863431416258 -0.6875325025968138 31.112775753773956 -10.08840035994164 24.24731303961058 16.401191368720184 -20.214121650500534 1.1973474327388534 7.0638023515640755 -22.547465797400854 11.738219092509024 7.290181869030974 30.167231183634122 0.9880679625811407 25.632422235624304 -29.194441563587038 -19.268656173524082 62.77939735882947 0.0 0.0 0.0 0.0 
-2.44085834731701 -42.04807711175425 -14.43284006686621 -39.00051266715957 -32.91648985791602 199.85861490016939 52.559758694253006 -36.23641812045055 36.59004705125795 26.733522269119153 15.359890854638582 60.756592508611476 12.247663176202893 -21.08272588481386 -63.87908700988137 37.974532316600744 -65.18493725528536 -12.089370824040312 2.4060991607749664 -74.73570707282137 -39.571848833632224 67.89132847923142 -47.316451119066414 -35.67192556431392 192.94890358547025 40.80794146297961 15.407443730953025 -21.843434139749366 -31.929314342882243 -34.65795925723871 -0.7371236596608158 -63.809110564549655 -8.943675550469505 -41.39896782467945 46.9532624250212 -12.791882176863759 -62.10851496268172 18.91640909801205 32.112659175560864 -23.906464718765903 -0.7959598148106533 0.6828493447228775 -9.57770429900753 6.159514829633713 5.8907791688263185 -11.529016798890968 37.727035898675425 0.0 0.0 0.0 
-21.3318787714117 -155.13168029015796 40.67818053857972 3.3370345527200347 25.044813903668107 -28.389555836892534 22.04020083620312 -40.3971924841717 108.13447902943356 -41.18748940067416 -37.25220032454921 20.327454335692302 36.025350676952755 -106.04569482844022 -35.42713769643041 -0.640439061550206 7.5491991014787425 -43.31698513515656 68.23362434904092 37.42751865659408 -6.276772266185177 -8.408435441971049 47.16314324316077 -16.802846299885868 37.69466122895232 -66.42725963090453 6.230987240505845 4.505907022294461 -66.45355903954444 123.57833176864949 -12.177266298902252 -14.447438485168501 17.576607115563853 12.612857483580656 53.788380109678684 -47.68045766974736 -18.358397907171355 -22.56121365257528 24.812327377297155 17.083304307325974 30.917001232894297 -29.085477393532756 7.664747962097186 21.371972639045065 14.20233714489546 -11.508000117602851 10.985209444703706 67.06334902169331 0.0 0.0 
-57.5218146182455 -17.098141343416508 25.539889844308792 -48.79585105040092 30.941425587095242 -16.720958263743775 27.373057405105197 -40.92859515084157 32.26090193537695 -59.28314958164097 -26.621370854171452 38.14695391906762 14.796227364684452 -19.073584425016907 -28.621765172006377 52.12358126420315 -28.718985442069993 -21.88759114608129 31.58178886318137 6.162075339142061 -14.609448811336268 -23.32489459927668 -20.438538582802924 39.84755849152748 -11.127797614170783 -52.01298885130421 2.4739443448602834 25.312373239653525 19.77088477528196 27.590825141566075 7.497327460321935 -17.42231630514218 -15.068978883265906 -15.428480044152476 44.109585015679365 -1.4817829753592102 7.669019489245142 16.851531813926766 21.761284308217945 -17.57586359896299 -4.179680650660101 -11.342319639418834 11.86730732377531 3.505234835513181 7.239216179668597 -18.479239800317984 -18.615900439180038 1.5086389095830117 44.114188099760575 0.0 
10.44310332225469 1.3645606461986972 -46.20528820376428 36.75533938724905 -81.22030674299336 -19.747637856386874 -24.585980358476768 -45.58418968833251 -3.805046991342479 33.70857426677868 37.394268302080555 -18.903474461630108 26.03097181942291 -6.281123978944478 -39.61161184805307 -17.860443945358192 -16.057321981361255 43.49727177367214 -4.160814313346488 29.85221502892868 15.298972401387154 12.627106603497705 2.055468582577391 67.5489839826278 40.34601365091824 -22.61681284114779 35.03507065586355 -25.275016358939727 -56.66869671628782 90.40426084005168 -8.277341305077533 49.968820376677144 -61.76117697300233 22.229145865921232 12.188513879357295 -94.80722665240305 39.790699061995106 13.075968171290791 17.482045695238977 -21.674906046597883 5.211349407172874 58.55335002665373 2.7552371736130827 -19.081985860766654 16.78384480762955 -22.42535230854931 8.006977605961527 21.55559645824675 -14.5298750207049 44.73190948644085 
