0.513871780210293 -0.023056756091761218 0.2682907146502906 0.4115340636645513 0.06159542170125345 0.56921864349704 0.7165953580721819 -0.493696448808544 0.29475133278388316 0.1532945548628802 0.5242284919209597 -0.13705661183653722 0.07494285010490494 -0.05277020752559262 -0.4547685762290677 0.21359937432571843 -0.14673289974399212 0.07131956330108392 0.050855044726759384 -0.2879825445116456 -0.11614166185602436 -0.6665112224793599 0.20163481303416497 0.09002348587159317 0.31571847782085816 -0.13667642214776551 -0.24317769890954552 -0.05539260790857903 0.08954712525683846 -0.16696513981420852 1.9152726234731206 -0.31016490579736533 0.09046311170971444 -1.0175253246703628 0.11488698220571729 0.13433190142883553 0.129821780730914 0.2892227716145233 0.2897016089154573 0.4671643271374205 -0.021850835299558072 -0.1999956187127052 -0.512346843205862 0.7051794744236514 -0.28105577561866585 -0.4167791333421655 1.1139536745443093 0.4234789298840139 0.1771813409443609 0.09801618161804553 
328.2387832016037 0.0 0.0 0.0 0.0 0.0 0.0 0.0 0.0 0.0 0.0 0.0 0.0 0.0 0.0 0.0 0.0 0.0 0.0 0.0 0.0 0.0 0.0 0.0 0.0 0.0 0.0 0.0 0.0 0.0 0.0 0.0 0.0 0.0 0.0 0.0 0.0 0.0 0.0 0.0 0.0 0.0 0.0 0.0 0.0 0.0 0.0 0.0 0.0 0.0 
-40.76295486326985 239.8003886320216 0.0 0.0 0.0 0.0 0.0 0.0 0.0 0.0 0.0 0.0 0.0 0.0 0.0 0.0 0.0 0.0 0.0 0.0 0.0 0.0 0.0 0.0 0.0 0.0 0.0 0.0 0.0 0.0 0.0 0.0 0.0 0.0 0.0 0.0 0.0 0.0 0.0 0.0 0.0 0.0 0.0 0.0 0.0 0.0 0.0 0.0 0.0 0.0 
101.85918658627276 -37.03373883619441 233.94171507720114 0.0 0.0 0.0 0.0 0.0 0.0 0.0 0.0 0.0 0.0 0.0 0.0 0.0 0.0 0.0 0.0 0.0 0.0 0.0 0.0 0.0 0.0 0.0 0.0 0.0 0.0 0.0 0.0 0.0 0.0 0.0 0.0 0.0 0.0 0.0 0.0 0.0 0.0 0.0 0.0 0.0 0.0 0.0 0.0 0.0 0.0 0.0 
83.86454016041759 -50.38562667896722 26.661057593178352 227.30077557477676 0.0 0.0 0.0 0.0 0.0 0.0 0.0 0.0 0.0 0.0 0.0 0.0 0.0 0.0 0.0 0.0 0.0 0.0 0.0 0.0 0.0 0.0 0.0 0.0 0.0 0.0 0.0 0.0 0.0 0.0 0.0 0.0 0.0 0.0 0.0 0.0 0.0 0.0 0.0 0.0 0.0 0.0 0.0 0.0 0.0 0.0 
-3.6190294703408603 5.495556299361023 52.43779680211337 -43.91931109353529 223.2143224871239 0.0 0.0 0.0 0.0 0.0 0.0 0.0 0.0 0.0 0.0 0.0 0.0 0.0 0.0 0.0 0.0 0.0 0.0 0.0 0.0 0.0 0.0 0.0 0.0 0.0 0.0 0.0 0.0 0.0 0.0 0.0 0.0 0.0 0.0 0.0 0.0 0.0 0.0 0.0 0.0 0.0 0.0 0.0 0.0 0.0 
139.88304657554644 13.993375072077312 60.11130081362398 50.610487402524555 -78.53207166467236 252.82358512756915 0.0 0.0 0.0 0.0 0.0 0.0 0.0 0.0 0.0 0.0 0.0 0.0 0.0 0.0 0.0 0.0 0.0 0.0 0.0 0.0 0.0 0.0 0.0 0.0 0.0 0.0 0.0 0.0 0.0 0.0 0.0 0.0 0.0 0.0 0.0 0.0 0.0 0.0 0.0 0.0 0.0 0.0 0.0 0.0 
162.08981979929533 -90.11748382663829 10.749212704835635 1.1863450369016324 50.48486864554253 158.95990079700132 266.4883660577541 0.0 0.0 0.0 0.0 0.0 0.0 0.0 0.0 0.0 0.0 0.0 0.0 0.0 0.0 0.0 0.0 0.0 0.0 0.0 0.0 0.0 0.0 0.0 0.0 0.0 0.0 0.0 0.0 0.0 0.0 0.0 0.0 0.0 0.0 0.0 0.0 0.0 0.0 0.0 0.0 0.0 0.0 0.0 
-21.754201730400265 -4.8492833010907095 65.04252335758142 44.467976681495614 30.65593786131233 12.099142075221456 17.962410042890454 260.63195352829445 0.0 0.0 0.0 0.0 0.0 0.0 0.0 0.0 0.0 0.0 0.0 0.0 0.0 0.0 0.0 0.0 0.0 0.0 0.0 0.0 0.0 0.0 0.0 0.0 0.0 0.0 0.0 0.0 0.0 0.0 0.0 0.0 0.0 0.0 0.0 0.0 0.0 0.0 0.0 0.0 0.0 0.0 
26.601558769826593 16.585925609846182 85.2046534924957 -8.864295521731234 -50.45062425310953 15.907183153330351 -45.73479970063234 58.972068150206816 241.5837814438811 0.0 0.0 0.0 0.0 0.0 0.0 0.0 0.0 0.0 0.0 0.0 0.0 0.0 0.0 0.0 0.0 0.0 0.0 0.0 0.0 0.0 0.0 0.0 0.0 0.0 0.0 0.0 0.0 0.0 0.0 0.0 0.0 0.0 0.0 0.0 0.0 0.0 0.0 0.0 0.0 0.0 
75.27235038039339 -40.49757861302007 -14.065531274747132 -39.62973902345609 1.403848421935791 67.24281407020604 50.05483899849113 -57.758559462877834 -48.99358955821514 167.95268036584025 0.0 0.0 0.0 0.0 0.0 0.0 0.0 0.0 0.0 0.0 0.0 0.0 0.0 0.0 0.0 0.0 0.0 0.0 0.0 0.0 0.0 0.0 0.0 0.0 0.0 0.0 0.0 0.0 0.0 0.0 0.0 0.0 0.0 0.0 0.0 0.0 0.0 0.0 0.0 0.0 
80.2385337727556 15.01197076250256 -7.221495422840024 25.357612891252256 20.80516834519969 80.56628390452013 49.18282529630975 -18.14830585664348 33.8692054983872 28.361025792186535 176.1747728888751 0.0 0.0 0.0 0.0 0.0 0.0 0.0 0.0 0.0 0.0 0.0 0.0 0.0 0.0 0.0 0.0 0.0 0.0 0.0 0.0 0.0 0.0 0.0 0.0 0.0 0.0 0.0 0.0 0.0 0.0 0.0 0.0 0.0 0.0 0.0 0.0 0.0 0.0 0.0 
29.686679117239244 -31.419188677031936 -0.4770620593593824 -2.7838447244296876 -15.762958012978899 24.965449460358048 43.77431713921842 -39.47589822989592 12.134484909071293 33.45079900602599 -31.458577910615517 152.91649305120438 0.0 0.0 0.0 0.0 0.0 0.0 0.0 0.0 0.0 0.0 0.0 0.0 0.0 0.0 0.0 0.0 0.0 0.0 0.0 0.0 0.0 0.0 0.0 0.0 0.0 0.0 0.0 0.0 0.0 0.0 0.0 0.0 0.0 0.0 0.0 0.0 0.0 0.0 
34.569523026595604 37.88894341025461 42.94726963171892 0.6509438614199456 -32.53760530178318 -6.83488610396942 39.554156686547934 71.47685587806237 -47.2227136769648 -19.974588992704305 36.34415820585799 -21.70698652966843 202.3713738285798 0.0 0.0 0.0 0.0 0.0 0.0 0.0 0.0 0.0 0.0 0.0 0.0 0.0 0.0 0.0 0.0 0.0 0.0 0.0 0.0 0.0 0.0 0.0 0.0 0.0 0.0 0.0 0.0 0.0 0.0 0.0 0.0 0.0 0.0 0.0 0.0 0.0 
65.48976503258909 45.11298890858923 57.22683046415661 17.40040658483793 -3.9389126219042594 72.78824725255264 12.861809812378109 -15.676133483219811 -8.57679996481114 13.511036017973835 39.02419359221621 26.534993928147145 -3.972781480111623 178.40691100113702 0.0 0.0 0.0 0.0 0.0 0.0 0.0 0.0 0.0 0.0 0.0 0.0 0.0 0.0 0.0 0.0 0.0 0.0 0.0 0.0 0.0 0.0 0.0 0.0 0.0 0.0 0.0 0.0 0.0 0.0 0.0 0.0 0.0 0.0 0.0 0.0 
-93.6906884097691 -97.31599296090427 -22.79133917695042 -73.54625318914665 88.3211305535431 -47.365492472484185 -48.54176638308077 -10.62408833881415 -5.5418557841065015 18.915557308272938 -37.149975114914014 -17.684755429213258 -44.11127344995837 -1.5935847449101541 173.02820195570342 0.0 0.0 0.0 0.0 0.0 0.0 0.0 0.0 0.0 0.0 0.0 0.0 0.0 0.0 0.0 0.0 0.0 0.0 0.0 0.0 0.0 0.0 0.0 0.0 0.0 0.0 0.0 0.0 0.0 0.0 0.0 0.0 0.0 0.0 0.0 
76.72422271481403 78.71963788805185 55.08175072430263 -0.7108049546475049 -56.8673335307331 29.735426138191478 60.18824372135573 -15.884949280141198 69.05839879202458 -21.277822478507996 50.15960119306138 12.087418640114263 72.94843245518727 13.592348749589837 -39.164653080676665 135.5072524804952 0.0 0.0 0.0 0.0 0.0 0.0 0.0 0.0 0.0 0.0 0.0 0.0 0.0 0.0 0.0 0.0 0.0 0.0 0.0 0.0 0.0 0.0 0.0 0.0 0.0 0.0 0.0 0.0 0.0 0.0 0.0 0.0 0.0 0.0 
-63.447744374300306 -53.27163539632273 -55.71896244096201 -14.47124449393583 51.80659204969922 -99.10934296635082 -9.045650775706742 -74.28831487698544 12.162209298703145 30.982005206552564 -30.155240105266138 11.976310100385446 -12.239079527507533 -22.543985940069238 -18.80248832707992 59.55896887107286 179.5363598978234 0.0 0.0 0.0 0.0 0.0 0.0 0.0 0.0 0.0 0.0 0.0 0.0 0.0 0.0 0.0 0.0 0.0 0.0 0.0 0.0 0.0 0.0 0.0 0.0 0.0 0.0 0.0 0.0 0.0 0.0 0.0 0.0 0.0 
-6.961162623818917 53.99306488395022 15.617013727187471 41.60389231663878 -59.901303716803646 -53.1063049668383 66.89807752982188 -57.081496869812234 -0.953572741730462 -8.308687698620826 34.704470599436235 15.109029279940701 55.43346312478544 18.15547086423152 -14.814343409167112 19.521111233933528 25.764876843647908 169.27616148639726 0.0 0.0 0.0 0.0 0.0 0.0 0.0 0.0 0.0 0.0 0.0 0.0 0.0 0.0 0.0 0.0 0.0 0.0 0.0 0.0 0.0 0.0 0.0 0.0 0.0 0.0 0.0 0.0 0.0 0.0 0.0 0.0 
110.05219767603961 -27.546092527889222 19.862502924850347 47.77198539787235 -66.31327861267853 21.179345957877498 49.74047099207524 -49.36583125341969 -14.227329459739941 -80.33597610216984 -33.16013281442837 59.72975052326744 75.47988177849786 -32.647730426317914 16.645555284223327 7.9585559906605186 -33.471368415510206 -35.00090534697776 179.37978350143004 0.0 0.0 0.0 0.0 0.0 0.0 0.0 0.0 0.0 0.0 0.0 0.0 0.0 0.0 0.0 0.0 0.0 0.0 0.0 0.0 0.0 0.0 0.0 0.0 0.0 0.0 0.0 0.0 0.0 0.0 0.0 
28.21113837833527 110.91167205124063 -19.68446243337194 47.711402829332776 -70.41734583078268 -8.501064028878842 -74.08876019364054 109.6609495681632 14.311679028585848 -7.626634511123751 30.31461829281917 -8.92102240995814 58.00907257844845 -37.14193245183779 -31.451129036663648 25.18557511066516 -56.058820730386 10.63518886893162 26.33155528427435 171.1868447950878 0.0 0.0 0.0 0.0 0.0 0.0 0.0 0.0 0.0 0.0 0.0 0.0 0.0 0.0 0.0 0.0 0.0 0.0 0.0 0.0 0.0 0.0 0.0 0.0 0.0 0.0 0.0 0.0 0.0 0.0 
-69.8500555737386 41.681346526487054 46.16027356737439 -8.862746014270272 -77.42666398225265 -11.087392369016957 42.46741350391229 -30.86848725633729 52.28033403853979 50.09230861752588 -9.825152079571673 72.37644440448986 81.01919499753578 50.50151890291841 8.396078927631267 57.07358148188428 -7.893569142208937 82.69741740134509 3.5519856812264057 24.866915120002716 158.64105950925662 0.0 0.0 0.0 0.0 0.0 0.0 0.0 0.0 0.0 0.0 0.0 0.0 0.0 0.0 0.0 0.0 0.0 0.0 0.0 0.0 0.0 0.0 0.0 0.0 0.0 0.0 0.0 0.0 0.0 
-106.47655155936314 105.51620141106409 -86.09375778193096 -34.197253912266994 -46.02384737694983 13.033200070885073 -67.06880024395728 38.07544830077251 30.316116010006812 60.55973581478053 24.914108246972255 -17.374299364205264 5.624146701302442 12.327955421812078 -14.395425807211902 23.750518697311136 -44.11156854960003 27.95142151231013 -46.474447966449546 -15.241523646220875 -5.382971991151778 146.53846951177482 0.0 0.0 0.0 0.0 0.0 0.0 0.0 0.0 0.0 0.0 0.0 0.0 0.0 0.0 0.0 0.0 0.0 0.0 0.0 0.0 0.0 0.0 0.0 0.0 0.0 0.0 0.0 0.0 
48.09773345177195 -15.540862914696273 95.82460888938195 -16.712507983874637 1.5399475241212564 58.713188310309896 48.9303021431219 35.29470386681453 72.46117233936661 -14.709860056448138 65.58169940263048 -4.806769942017525 40.36900518577991 -1.5161332335965878 55.94519289510227 2.766703343283982 60.10050526497875 -17.716601043813235 -4.141601940041806 5.278503989441176 -18.03807178593721 9.780448186052338 159.6021384214641 0.0 0.0 0.0 0.0 0.0 0.0 0.0 0.0 0.0 0.0 0.0 0.0 0.0 0.0 0.0 0.0 0.0 0.0 0.0 0.0 0.0 0.0 0.0 0.0 0.0 0.0 0.0 
84.50818585866283 -46.31719043287691 -12.510473195545355 38.76971415300549 34.196407485072605 -58.98748105004048 24.65644219908778 -40.5998384818984 20.057713034408472 -20.330583290656023 4.841320583173525 -2.7810303538582857 -52.4354577456298 -42.47235743212056 22.166905691185764 41.65717911532437 1.9085398485752125 -13.687218497116953 65.41159900128001 -9.659250591895743 -7.192278169402581 -46.23673309731126 25.23873253453943 138.62064485120587 0.0 0.0 0.0 0.0 0.0 0.0 0.0 0.0 0.0 0.0 0.0 0.0 0.0 0.0 0.0 0.0 0.0 0.0 0.0 0.0 0.0 0.0 0.0 0.0 0.0 0.0 
38.090766935469226 -63.15785775873929 33.48681250892137 1.5650968747426905 -39.07995453070633 56.96557622580185 -5.955429111878594 -11.193579131815174 -27.83989985652776 38.27421010347033 -40.32875658488523 76.43588408643835 -23.66943709198794 -53.26359930199679 -6.04137460042796 -16.599885299219306 -4.103428198581286 14.507554967638729 -57.84218077386206 -6.987272487615379 -14.186947584349548 56.606889188188795 -57.30819564344886 5.081316667262328 148.2367890706336 0.0 0.0 0.0 0.0 0.0 0.0 0.0 0.0 0.0 0.0 0.0 0.0 0.0 0.0 0.0 0.0 0.0 0.0 0.0 0.0 0.0 0.0 0.0 0.0 0.0 
212.88647212836878 -134.60810247468197 -48.58967296334678 22.540539901832197 39.50332974655921 64.65666408410712 173.56705139167508 -156.10822700068854 -39.02760905370643 6.828665115008654 54.228513665578404 32.66670913379634 20.209596818155763 3.2833692210389582 6.966420205722269 -55.90173518822044 60.36555670175729 -76.39474891886512 1.2901340601195233 -96.44163498528972 16.441203965455767 -15.148816711328802 -0.19838116825591495 38.06012078851283 31.50161934814862 182.0063411818579 0.0 0.0 0.0 0.0 0.0 0.0 0.0 0.0 0.0 0.0 0.0 0.0 0.0 0.0 0.0 0.0 0.0 0.0 0.0 0.0 0.0 0.0 0.0 0.0 
28.570277966168344 25.52570151263003 65.11357247213338 30.967173115744583 -7.439927329480703 -5.3272896157613845 6.221840103692363 47.10063370124967 21.8219117317016 21.90105909332567 -42.99707188521224 4.4595888150737 -5.310103667250733 37.639543013753745 -12.644288301132372 20.18142887932747 22.66775271356241 43.66904481320295 4.131667693821338 8.161246820857842 10.081968564107466 -56.48058250093761 25.71104242977927 -4.32693124784701 -85.20037447989334 -12.356349548588554 152.40889951317646 0.0 0.0 0.0 0.0 0.0 0.0 0.0 0.0 0.0 0.0 0.0 0.0 0.0 0.0 0.0 0.0 0.0 0.0 0.0 0.0 0.0 0.0 0.0 
23.922417487529465 15.380084713916393 -4.041931139205799 -12.09037666356969 32.42269385467279 32.636599073419056 32.172639781498205 44.880438339385464 -15.379718817633995 -73.72672380807909 -3.265401330050275 -75.97572396795329 -4.3785482429296145 39.353672859749096 -19.691625981633084 -13.149350409993206 24.579995574983858 -13.105154246754367 -12.134130787229187 -48.10188202556654 -31.25889292618308 -64.91134660801342 0.7839359379581968 -2.184898461549523 -17.031935924085406 20.588358491481685 28.396754662555985 124.832501320943 0.0 0.0 0.0 0.0 0.0 0.0 0.0 0.0 0.0 0.0 0.0 0.0 0.0 0.0 0.0 0.0 0.0 0.0 0.0 0.0 0.0 0.0 
30.90153326632285 -100.34131468468196 67.92564371371834 -3.234990914581691 79.59066553348106 61.53950362272512 18.734779959049117 3.0538731432238433 -47.44864123636651 3.12471784161999 -31.823878464670166 -15.321608227563631 -59.850993015236185 16.783761623957144 10.4007332483225 -7.436137277942972 26.40064395054575 -65.34797486698598 29.040575820511947 -84.50832791694972 -29.812099533910775 -24.014834942341412 -10.557230456549668 13.847958666593286 -3.0201000998564673 42.68229967859631 14.000251293686672 27.063260590398325 146.40842731741634 0.0 0.0 0.0 0.0 0.0 0.0 0.0 0.0 0.0 0.0 0.0 0.0 0.0 0.0 0.0 0.0 0.0 0.0 0.0 0.0 0.0 
-52.07939245776557 -56.08906310339347 -89.42532289875238 -76.46908023636765 28.930278640644918 -45.010153927914914 50.478903543325536 -69.29930891477368 29.031299836021223 45.616386820698814 -19.98152429225662 -14.349976806534917 -52.51878143120812 -2.7357329008162066 88.43447874175862 22.344312884310664 57.012056039336954 -37.87772080800526 -4.272316863210211 -22.67838638605057 9.757554058728195 30.398256598820495 -58.21418851502816 26.959259594752357 -4.254123257816556 4.457554532806688 -25.624471437401514 -25.221969671882782 34.619965753736786 125.09386838768728 0.0 0.0 0.0 0.0 0.0 0.0 0.0 0.0 0.0 0.0 0.0 0.0 0.0 0.0 0.0 0.0 0.0 0.0 0.0 0.0 
-129.51172897240968 102.0383625213144 18.341707998549328 20.42601983240714 -6.940763359990756 -95.96530817176034 -139.33402553929068 48.99085314453431 -20.49209419631085 -30.81857379750521 -32.057361423386034 -54.17448495954426 8.147080606258772 -6.475744339046701 35.4754812477984 58.59634550725284 20.30567312998613 3.066270097612907 8.226606342381414 -0.6776841105205503 -9.81456329539742 29.080299162889048 28.507545508816097 -54.18211250111644 -24.379014189470222 -143.91046960304996 37.4734070591036 -29.369327495140084 46.48725916768323 15.3502948454921 159.78500713362828 0.0 0.0 0.0 0.0 0.0 0.0 0.0 0.0 0.0 0.0 0.0 0.0 0.0 0.0 0.0 0.0 0.0 0.0 0.0 
-17.18898552049779 36.0626714880537 34.131738375444286 -38.85725942474379 -41.674588696318686 43.929362167060724 54.48475876721285 128.28896300028035 48.86037091623638 -14.221219220160428 68.41791430582833 -32.40446378187116 55.08827292745945 29.894416297660772 25.424354658272915 -15.86333800214404 -37.52909360463864 -18.179330318122908 -38.37107051792289 -1.5917900504224884 -12.228993586593802 -0.6571123089140457 43.55174087800779 -53.61503098666826 -32.35247149149673 40.937762305457674 51.644345040875535 -17.116614194253778 1.7908301092806245 2.3553464043102186 24.965570557960742 132.90408933764755 0.0 0.0 0.0 0.0 0.0 0.0 0.0 0.0 0.0 0.0 0.0 0.0 0.0 0.0 0.0 0.0 0.0 0.0 
58.6854321189006 53.259344098461476 46.497168576432074 43.18263854192499 -48.62287135673047 100.52188534559669 30.757246017715307 108.45624608581906 -12.685483037869307 -14.140341946877218 19.48131451773943 17.07432755331122 57.24360511283948 3.0976332901017165 -43.92391932445711 -24.13097109693057 -39.15324821481797 -1.8300416516812872 -41.50752760158665 19.53377326010787 47.68373313955708 -1.048867221701254 -13.130982139555162 6.076097559837066 30.47814664303639 51.52789017790217 -1.875999775165693 30.693481612729087 -12.976845007821955 -13.393656163447375 84.95017467127866 19.917934724748054 131.63916113073626 0.0 0.0 0.0 0.0 0.0 0.0 0.0 0.0 0.0 0.0 0.0 0.0 0.0 0.0 0.0 0.0 0.0 
-46.776580059816 -76.38388252746233 51.99969906603059 -79.96228937965674 59.05022351824643 -61.29774394956588 55.55646116833106 37.71109024698961 44.25172612047352 -63.63138247873053 -99.94860896695121 12.244293224506823 -48.97340200413139 11.354606853286228 5.660105568686283 13.743739380327044 14.288275955302671 -27.67413549764937 19.064414245633763 -41.37539833465076 -42.439232252579124 -84.501282967812 -43.21869062817758 40.313353741751875 27.021041919040794 62.797693033094376 -10.162598193356416 24.531621574417667 29.82383329144551 15.909701176721113 32.83331312127387 3.283115961141495 -36.84650122129845 124.65012256792379 0.0 0.0 0.0 0.0 0.0 0.0 0.0 0.0 0.0 0.0 0.0 0.0 0.0 0.0 0.0 0.0 
-60.80097610377722 -48.71643163237893 16.065738358237784 -40.337524373531885 2.954565708165458 -49.80204671195548 35.31853237090799 -24.99503612913722 47.870310196936224 46.91141591880486 -39.04854513025391 37.94186879088295 -29.16654296392594 -58.87618228129211 -4.841654906086314 72.37069438277783 18.52258334894936 -9.444827889619798 5.227608631410484 -75.06518193502808 -20.753243786703635 6.872284507522685 18.33138194816457 43.373364307855056 18.111453144049396 -18.222803583770375 -5.388297828454163 -38.11383116671958 -16.87914284886799 13.237040646107026 44.52729732353273 -13.299950790638452 -5.15675403245321 8.360688749259609 113.51891337160725 0.0 0.0 0.0 0.0 0.0 0.0 0.0 0.0 0.0 0.0 0.0 0.0 0.0 0.0 0.0 
14.777885050330175 -19.07271140699923 1.6282099360481033 34.797219877975074 -34.27155294433848 11.009902249982645 12.472106724749054 2.3932606155543 2.4221915299069656 -25.048700247369247 22.30120847716968 37.1303662842661 41.8616577347288 32.57496186368111 14.519835542908044 -3.3153895989810533 -13.846138920437996 19.668409406432563 45.48985223884533 -14.857926174112368 -25.092450261047613 17.91944479754759 13.713515379242507 -33.128511899565474 14.168996264473355 41.26635113252161 32.22796680974316 -23.607547515516828 55.31492469481516 -23.745108910185778 50.016417879234645 5.047545375689284 15.18253433145339 -2.9565641620256846 22.770995172791533 99.69521181792123 0.0 0.0 0.0 0.0 0.0 0.0 0.0 0.0 0.0 0.0 0.0 0.0 0.0 0.0 
-2.3158494953578885 -43.43091186534795 58.168784257331424 -59.05821916702227 31.34265180431826 60.82110192679206 7.89961614111765 22.84479963398749 56.76662274342514 25.244609592105753 -26.003309873850768 -4.066573227715191 -48.57307709319791 31.56355753198807 21.331227903524447 -8.036658015310328 -57.86050255311006 -7.161383801694933 -36.86742930285633 -20.61222636034958 -23.579930714571486 -37.91080051966693 -27.3430217191011 0.7933969463429552 9.577485457846056 -10.762976445885535 23.5832631772044 3.478666440881468 -27.88099632751776 -34.424400221158876 4.2615865438695035 -24.27058520320693 -38.95209760115742 -7.318567072326951 1.061072181905752 35.26008976485911 92.9621215358709 0.0 0.0 0.0 0.0 0.0 0.0 0.0 0.0 0.0 0.0 0.0 0.0 0.0 
-84.47151936451289 8.411216356154858 -61.10720804173804 -60.2408278778971 20.023492675911342 -57.6775001151064 -66.3430059004518 -93.1049278433343 16.751112263026396 7.574288809605316 3.2851692406952906 34.890159067651204 -85.40779261589849 -15.985547158414825 -9.377190306036152 -0.8139715925142167 5.083794665194888 -3.567385011526709 40.489768500234256 14.571204830835345 -49.86316535527387 35.33574365997047 42.45936821160298 -26.5055844738323 62.63946558351363 -52.699358889990165 -4.292195293373853 -44.78700664179109 16.00288934984837 1.5028552115930793 -1.298335415924462 -43.04639018691554 -29.984839782789265 58.46197416617412 34.72536729351718 69.46333622660863 -9.464933678112626 116.2419890067252 0.0 0.0 0.0 0.0 0.0 0.0 0.0 0.0 0.0 0.0 0.0 0.0 
-35.91854900443543 70.73753179748886 -10.49606979603647 13.648693477756668 3.358299374664007 -11.048930731271039 -70.04633566976332 43.362352110750315 1.9782935156226737 -2.5622186467994807 68.90166279687698 8.406431340460603 2.733757134455537 -25.82060229110328 26.525111688850004 -48.08183544942886 -17.348476266777244 54.24766505071087 1.7095815637870968 43.41086275561642 -3.4504978400939366 16.27609655032921 -23.115866078120614 -6.724977654818583 -22.934527972816152 3.9990581287470026 3.644920792744281 10.535649599938525 -37.50288466973037 -38.919786480827256 -26.488821706094512 -27.976241087474452 -10.6211734373344 -33.34389521965995 -16.967341596299452 -38.21587983908284 -42.11544870305172 57.845472037030156 98.69057931546884 0.0 0.0 0.0 0.0 0.0 0.0 0.0 0.0 0.0 0.0 0.0 
-4.373160291428484 2.2109481856731796 -32.97685113562623 59.88231228459776 54.46045714042891 0.3281536550619987 23.328863470595874 -66.16865900101496 -5.51379308049651 -30.118683201345164 52.21817849841723 -9.013457452008947 -57.260295685414995 -16.49157867919483 12.228128631730717 -15.290696450863097 19.42783835453136 -35.765356520238456 13.73946520442997 -10.156462367477353 20.073928948719033 -23.509931451482228 19.341358996315716 29.913249422509768 -1.6519093880935924 3.996055067434931 9.736695653531104 -11.916399051856564 50.38920450538403 -7.488495621989386 -14.870920704947359 6.47997258180938 17.514292650924887 -15.939848347364617 -14.801476336243887 -17.70465922775197 18.844388657130096 7.448983198073244 36.48762030424423 79.60094828208247 0.0 0.0 0.0 0.0 0.0 0.0 0.0 0.0 0.0 0.0 
32.00093602540714 -41.19825150574201 -20.375240905513785 -34.21171344916396 81.61882508965725 -11.49165211247257 10.025653277750056 -77.3783403414499 12.887460587862861 46.945047738771706 -6.077355048600623 22.383011891643655 -87.8490663864191 -37.48965661836438 -21.60437652909353 -55.67780828676901 -22.423378560738687 -24.274230828654268 19.439590751447774 -36.49795866649923 23.99171610382901 6.406474904702268 -17.90059841712622 57.685454484432626 21.06309348607639 0.5285306839720504 -14.450275581836044 23.834275062295198 20.362128641328287 4.2430415001253 -24.022422875342393 -33.14930637394177 -21.75689056261182 31.24533007800955 -23.94196817461711 75.423831740444 31.10012161040489 19.39122385535364 -5.901490451388162 -5.951517700791531 66.64903694215812 0.0 0.0 0.0 0.0 0.0 0.0 0.0 0.0 0.0 
-60.28427920827979 -56.639378964022264 -64.16026894092413 22.414109307147942 36.75757040740436 -52.394936038774624 23.911229652173898 35.10368717659315 -14.778646980092741 -0.3594441418421598 -18.667180584346227 -50.9463719324515 9.995236333898374 -27.07091360861519 39.51442963953289 28.719351478419856 10.728253828801053 -45.59794019812991 -5.767870962669259 10.266477298329347 -33.29658274967635 1.0345045272853228 -19.65444982170324 -2.1076665306619047 -61.04421173381966 -20.501422723522975 20.200472761549523 25.979361722048942 16.22157533716012 22.237059149653668 32.838341351981725 6.381790761950497 -1.288635724159454 9.241643515315921 21.698356710475547 26.453592820327604 -40.17389950783679 26.119369776167613 35.54235411817884 42.61999653329172 -11.307009197058994 62.510581354306574 0.0 0.0 0.0 0.0 0.0 0.0 0.0 0.0 
-139.02797337699636 57.55920928166477 -61.021249875030726 -78.32708011647212 -1.4432493221479459 -47.00134961371112 -77.39736292263126 63.47003295478574 -38.83920581929784 -28.298233103617726 13.951498405045934 -33.67315981299329 27.012741842874135 32.03179941209556 11.321504184886923 8.469437842063158 -22.424221516034965 -40.83691179889869 -26.274924539184727 -2.042032791722575 10.532737168717604 99.8123162190082 7.81853088775797 -3.5775313161995466 16.290970675822205 -79.30909328468596 -37.615507783577556 -12.177494919161155 24.231625824240314 -3.938291157340505 25.439375333161802 3.2034424690909864 61.887070196328565 39.203288211541036 29.452140732230433 -31.06594915143924 -11.015223404131255 20.082774910728705 -23.523048990438415 -8.710737700814322 26.917890267605408 -32.423430362047206 56.01543048303709 0.0 0.0 0.0 0.0 0.0 0.0 0.0 
46.700952019452274 -16.04147667325591 16.209644350465393 -10.346944605227558 4.78458832144094 79.00579228699964 23.908063934295054 -115.08050708232173 0.8520859528229928 4.773412762427758 -32.657486623042345 65.77066327374207 -104.38611064716254 6.228348252224973 -10.350479364965853 -4.37222516889651 -14.588525578451131 -28.245308349466736 -29.443745587426218 -44.46850713800074 -39.35536681987628 36.71528873386563 18.591038589576176 61.09923052729419 2.5829348950206716 7.71890080960519 -13.325724987242731 -60.15153538419226 -2.6360291678652987 -14.040431638030062 -38.078305999176834 -30.576020399580834 4.6798742605895045 -8.060927332026399 -30.640114677529624 -8.6424381712554 13.758580343800627 48.43684575633678 3.6154244820996326 12.2872304696621 -9.013364835259678 -47.50761201786529 -30.48899363877702 73.94364929757714 0.0 0.0 0.0 0.0 0.0 0.0 
104.77504479092651 105.4695624006795 80.6296615075906 -49.117953139982205 -91.13527512559288 46.12418598547426 -60.931193577537535 22.040235464411705 63.35886957516763 50.55047055597116 27.684027189054035 -7.801332164571199 49.92525343903989 87.36322086508704 -9.203076128486092 17.639199262138604 -38.282218989238494 116.07292825014204 14.850001051258573 -6.18212477973773 39.66871777490533 0.08236271681934397 32.4153344852975 -39.8400807734513 23.42995872169537 -8.26109830669695 29.798694756993697 -77.39991449888242 16.819177284724628 -36.33038064168444 -16.797114483550093 -22.095415815290394 70.41222633040005 41.04159617630716 -27.611196711245526 30.347770532302242 15.75235855054446 -32.65495856035326 -12.425942368440591 -48.097446591609156 6.626245821434463 -25.865553275170885 5.54869363038629 -28.895478888813997 89.86765538590434 0.0 0.0 0.0 0.0 0.0 
-96.11735665928435 65.08898367303861 -37.4453573840122 3.862700862537466 -20.42670435333518 -82.8630725830278 -73.63725138744552 40.83645757211703 -4.156876998482032 23.094263021686704 -59.557240038451084 -14.234606043851107 41.09971526024738 41.81106548071436 14.035298859335215 48.42487894959879 -55.46099137895739 23.972794236985596 -12.98247766333725 25.14216580052667 -29.614243153703953 35.56664118862402 23.0292020002002 -8.659746069718892 20.833661594364933 -69.82795280159819 -11.503539600104979 -22.868310076363425 -11.021512899383682 14.96031188590764 27.08902146236736 26.73509659994989 4.790597328438875 -16.12717017744966 13.588632194686872 42.32307691160484 24.014056867078793 -1.5537974096852607 2.1869207324373576 -0.660692881555568 37.40286758116313 -3.774253066496691 41.99239478595269 -53.484295587352946 -35.74744641572526 68.98023539130274 0.0 0.0 0.0 0.0 
135.97299705322928 -61.31833520971519 -17.421384063713603 -4.413990174255884 -13.662937278335551 98.13119380487282 98.7087141387506 -130.68348761021585 22.9077483314834 30.309129933585254 18.47755821956814 58.48619922350984 -93.0709421615608 -43.97958380737056 -47.89272621791567 -20.076690331766923 -3.219008049186287 -8.635624881434868 -33.76409376698843 -38.14561500284923 0.05817019511338938 -9.71885327159282 -32.00798284961693 27.985484026943283 69.64607404559753 46.13952220293588 3.7216954397869046 -8.932001896906609 -13.658459940025548 -29.73128736815537 1.1900551254689529 -39.72647993036788 -19.188211386490455 -6.130691091744421 44.480773368864355 -7.671766902414745 -70.20708145635955 16.24643572949349 17.031156238356047 -18.024351076428903 9.21938864564975 9.913438895035508 -19.923406436238427 17.37896662497725 12.32801458325358 -24.10232797312375 42.69375415842439 0.0 0.0 0.0 
-104.26229977804914 -143.0621880340141 -61.12186769605851 -12.542268481564655 -15.487046737291072 42.364036141104734 -27.379776966798797 -3.5009704367936942 -3.2662378523533704 28.78144050385935 17.443254763885626 -6.3073304697196075 -26.755071321809734 -75.34920219123158 35.599043754839435 -33.7334221491372 10.668978390868872 -57.73465396760818 -78.55939623679332 9.410811840540344 52.16975069721905 60.368675774585036 -37.09910866159101 -9.069251291247362 49.94692115153114 -26.226068670528022 -42.931049061673306 1.4165147941975165 -61.588357411769216 62.90294541673517 12.47698484388511 51.10388390212013 -8.768859459579428 -9.554901845209388 29.88341505979912 -22.09891347761608 11.571269212016185 23.690461341445904 7.45388599711923 17.566384847530628 89.51628032210257 -39.42986547511678 14.639992220987398 29.668060794808525 10.245773145520687 -5.142922568476176 20.43749862084581 76.77050083029344 0.0 0.0 
-16.010005056748497 -153.52478132735902 -35.106832637761315 -8.613425908390433 26.702720635911508 -19.56934421431446 -22.05645749047073 -13.618731405002084 -8.25781838679167 13.309192540598747 -25.40079853502223 12.203782749625685 -49.73449425969358 -65.0641302610866 44.81948280362521 -35.88415271970421 -17.71352351574376 -51.84775474554296 -1.1052255369874393 3.374650820329182 -19.038114765879357 -22.017649057593985 -58.58587424359089 54.53304819289355 41.42359710796968 -17.21540474012348 17.410834341186444 45.23571824389399 -18.498816548998935 21.30308763285703 -13.858638651318286 18.93586401723773 -22.266248738668686 -8.251604997804074 28.14811631135809 -16.652340812989433 30.746975539797546 27.136317991479583 19.002909711575885 -29.791138088492517 -7.9855608329303225 -24.564648673038143 9.922080413031912 14.248261524973792 11.02534412322587 -12.908346862264835 -19.887778308924634 -0.7942835645225597 46.11853382963381 0.0 
-3.8710883060861474 -54.65170080805703 -16.907702926697947 -28.370554427367924 20.56828557402201 -3.502813058492118 -26.1603504644326 -16.116414086274972 1.2811130754972122 35.05535423552442 -20.09218352279297 10.731649946993283 -10.341539726545545 -19.305135608145456 9.038175257467028 -51.018363677898584 -17.402496931765402 25.259396029072356 -15.706521766103439 21.40440284365597 4.144612477952768 -10.206435037700988 -32.39644862392978 -16.231785208737353 -32.71242166076907 -18.49567515328478 7.714636595942577 -6.033483655066118 -9.7028375022366 10.251970233902346 -8.285936468752086 -10.472732233331483 0.6707428837344783 -27.30775674764537 -19.09445555925834 -52.009607434794695 7.178906336344694 28.305060444537716 32.90287085588589 1.4706806762713764 18.22291837447396 31.13149974890142 -8.375705323993948 -11.636055230830365 18.2355252921045 -21.403236488187318 20.40102775707956 13.438322680762935 -9.112302397897396 45.06717254060091 
