0.3991172760117365 0.017243827895923616 0.3889294057350992 0.30118545091358406 -0.20030742800359214 0.22798727017103831 -0.21165383449728006 -0.7973990031423184 0.3391503084469892 0.06637292204435186 0.5683620346817285 0.057585115142955334 -0.17785784150107786 0.29533636973047184 -0.28854401133440755 0.10029552850367074 -0.33647856714645785 0.4748800079372894 -0.16579082077753013 -0.392211549810089 0.33984734225625784 -0.0944749725974734 -0.001536466548354346 0.24896386885481692 -0.056894626498876964 -0.7965853654811378 -0.476929459987158 -0.3206082782476148 0.21708544283928521 0.09814969906532121 2.8754708292074533 -0.26053558100759017 -0.20884551155963016 -0.8541485031933079 0.05818103994382648 0.21072453681518852 0.08791781413962775 0.2196344910585706 -0.18168000240288487 0.13278609860413532 0.35521520559408737 -0.23754747178227487 -0.0049301991679209685 0.41107986951209713 -0.16684803984042385 -0.16581737806035501 0.38488565795726626 0.27282662391653634 -0.06632612116841802 0.3497681135391059 
249.39948064778034 0.0 0.0 0.0 0.0 0.0 0.0 0.0 0.0 0.0 0.0 0.0 0.0 0.0 0.0 0.0 0.0 0.0 0.0 0.0 0.0 0.0 0.0 0.0 0.0 0.0 0.0 0.0 0.0 0.0 0.0 0.0 0.0 0.0 0.0 0.0 0.0 0.0 0.0 0.0 0.0 0.0 0.0 0.0 0.0 0.0 0.0 0.0 0.0 0.0 
-55.83989905774383 238.4238028792549 0.0 0.0 0.0 0.0 0.0 0.0 0.0 0.0 0.0 0.0 0.0 0.0 0.0 0.0 0.0 0.0 0.0 0.0 0.0 0.0 0.0 0.0 0.0 0.0 0.0 0.0 0.0 0.0 0.0 0.0 0.0 0.0 0.0 0.0 0.0 0.0 0.0 0.0 0.0 0.0 0.0 0.0 0.0 0.0 0.0 0.0 0.0 0.0 
129.10268818112948 -35.88702551004597 306.9305640124438 0.0 0.0 0.0 0.0 0.0 0.0 0.0 0.0 0.0 0.0 0.0 0.0 0.0 0.0 0.0 0.0 0.0 0.0 0.0 0.0 0.0 0.0 0.0 0.0 0.0 0.0 0.0 0.0 0.0 0.0 0.0 0.0 0.0 0.0 0.0 0.0 0.0 0.0 0.0 0.0 0.0 0.0 0.0 0.0 0.0 0.0 0.0 
113.03120034233783 43.8658675806409 148.42460715939526 220.51098060454873 0.0 0.0 0.0 0.0 0.0 0.0 0.0 0.0 0.0 0.0 0.0 0.0 0.0 0.0 0.0 0.0 0.0 0.0 0.0 0.0 0.0 0.0 0.0 0.0 0.0 0.0 0.0 0.0 0.0 0.0 0.0 0.0 0.0 0.0 0.0 0.0 0.0 0.0 0.0 0.0 0.0 0.0 0.0 0.0 0.0 0.0 
-52.39767837242678 -1.070881105448039 -0.7302295280955677 -49.86926419621623 226.0841943696263 0.0 0.0 0.0 0.0 0.0 0.0 0.0 0.0 0.0 0.0 0.0 0.0 0.0 0.0 0.0 0.0 0.0 0.0 0.0 0.0 0.0 0.0 0.0 0.0 0.0 0.0 0.0 0.0 0.0 0.0 0.0 0.0 0.0 0.0 0.0 0.0 0.0 0.0 0.0 0.0 0.0 0.0 0.0 0.0 0.0 
7.457369206643295 71.54132962128597 -11.504514178366652 -40.73338897212825 -3.4077439472947177 234.4433688934549 0.0 0.0 0.0 0.0 0.0 0.0 0.0 0.0 0.0 0.0 0.0 0.0 0.0 0.0 0.0 0.0 0.0 0.0 0.0 0.0 0.0 0.0 0.0 0.0 0.0 0.0 0.0 0.0 0.0 0.0 0.0 0.0 0.0 0.0 0.0 0.0 0.0 0.0 0.0 0.0 0.0 0.0 0.0 0.0 
-47.87425201618748 -55.59908459286456 -44.445449429745544 -21.670762317480545 -6.238122066049972 77.99285554239215 253.10912651271988 0.0 0.0 0.0 0.0 0.0 0.0 0.0 0.0 0.0 0.0 0.0 0.0 0.0 0.0 0.0 0.0 0.0 0.0 0.0 0.0 0.0 0.0 0.0 0.0 0.0 0.0 0.0 0.0 0.0 0.0 0.0 0.0 0.0 0.0 0.0 0.0 0.0 0.0 0.0 0.0 0.0 0.0 0.0 
-36.03473316672434 -69.89242501767274 -63.91425785740894 -20.864025770471766 29.172937587619476 -138.169447929426 25.829655242107187 257.11274999044076 0.0 0.0 0.0 0.0 0.0 0.0 0.0 0.0 0.0 0.0 0.0 0.0 0.0 0.0 0.0 0.0 0.0 0.0 0.0 0.0 0.0 0.0 0.0 0.0 0.0 0.0 0.0 0.0 0.0 0.0 0.0 0.0 0.0 0.0 0.0 0.0 0.0 0.0 0.0 0.0 0.0 0.0 
64.77546341277989 9.372648316552162 -7.169146852613284 112.63892780877525 33.89819164528462 -41.99413240127 -17.637929074471433 45.1598945646647 179.12241132968757 0.0 0.0 0.0 0.0 0.0 0.0 0.0 0.0 0.0 0.0 0.0 0.0 0.0 0.0 0.0 0.0 0.0 0.0 0.0 0.0 0.0 0.0 0.0 0.0 0.0 0.0 0.0 0.0 0.0 0.0 0.0 0.0 0.0 0.0 0.0 0.0 0.0 0.0 0.0 0.0 0.0 
27.063439268073086 -5.741160661868694 -19.62803272520801 34.0582935543945 -52.322767416083046 126.71552056547442 12.93060001367317 14.81785489972801 12.568102070513046 212.4994855132415 0.0 0.0 0.0 0.0 0.0 0.0 0.0 0.0 0.0 0.0 0.0 0.0 0.0 0.0 0.0 0.0 0.0 0.0 0.0 0.0 0.0 0.0 0.0 0.0 0.0 0.0 0.0 0.0 0.0 0.0 0.0 0.0 0.0 0.0 0.0 0.0 0.0 0.0 0.0 0.0 
18.7691341560884 -33.649308004259005 -28.213816301466363 -34.409926308785785 -25.532251430971463 38.10424497705018 15.017246772616689 -38.613938276803395 62.087673454041976 -40.625294121051226 140.88999056104996 0.0 0.0 0.0 0.0 0.0 0.0 0.0 0.0 0.0 0.0 0.0 0.0 0.0 0.0 0.0 0.0 0.0 0.0 0.0 0.0 0.0 0.0 0.0 0.0 0.0 0.0 0.0 0.0 0.0 0.0 0.0 0.0 0.0 0.0 0.0 0.0 0.0 0.0 0.0 
-12.169293905088383 40.77600826516339 24.24228040602901 29.385586989366026 -36.91279265442303 13.639259756050604 20.66356064742452 -25.442674924106946 17.33618934613004 12.354926464047752 21.634558860215936 133.73939565003224 0.0 0.0 0.0 0.0 0.0 0.0 0.0 0.0 0.0 0.0 0.0 0.0 0.0 0.0 0.0 0.0 0.0 0.0 0.0 0.0 0.0 0.0 0.0 0.0 0.0 0.0 0.0 0.0 0.0 0.0 0.0 0.0 0.0 0.0 0.0 0.0 0.0 0.0 
-57.704496002517295 -53.88989229522664 -23.498396821283826 -10.363580913946812 -0.15493012108815715 -1.8464413955838013 70.9777883792612 51.755459656496114 24.041287472680573 32.133628440669796 6.593464405984098 24.426855946942133 156.04860000735064 0.0 0.0 0.0 0.0 0.0 0.0 0.0 0.0 0.0 0.0 0.0 0.0 0.0 0.0 0.0 0.0 0.0 0.0 0.0 0.0 0.0 0.0 0.0 0.0 0.0 0.0 0.0 0.0 0.0 0.0 0.0 0.0 0.0 0.0 0.0 0.0 0.0 
28.315333729741525 43.4753226234574 60.82014762241208 27.716585415734592 -53.16542492503871 28.22094244090088 -3.1344100539001833 96.55453465907202 2.7106457039852883 28.16045154377318 11.346256206931253 -21.837870440111786 -18.039374543545332 139.75775464140122 0.0 0.0 0.0 0.0 0.0 0.0 0.0 0.0 0.0 0.0 0.0 0.0 0.0 0.0 0.0 0.0 0.0 0.0 0.0 0.0 0.0 0.0 0.0 0.0 0.0 0.0 0.0 0.0 0.0 0.0 0.0 0.0 0.0 0.0 0.0 0.0 
-48.96736149588154 53.837261127916484 -50.489369296513786 -27.311032079520178 50.56819434396655 20.888341743139375 -77.0672315509976 -46.75000208091642 -28.181616415476793 52.30356948036218 -64.21079135787465 -39.83926682093622 18.723710209679524 -13.048300338569186 170.38796908830446 0.0 0.0 0.0 0.0 0.0 0.0 0.0 0.0 0.0 0.0 0.0 0.0 0.0 0.0 0.0 0.0 0.0 0.0 0.0 0.0 0.0 0.0 0.0 0.0 0.0 0.0 0.0 0.0 0.0 0.0 0.0 0.0 0.0 0.0 0.0 
53.60814164865122 17.13807534781111 67.52664369041595 31.63189163818713 -52.28157956708674 32.76464999836233 31.775021219810462 1.8774807947582046 2.4005328420560637 10.183182573412532 38.399134118609574 11.778112184243913 54.74304938931637 -21.92473032205122 17.17382470536202 126.53456320126502 0.0 0.0 0.0 0.0 0.0 0.0 0.0 0.0 0.0 0.0 0.0 0.0 0.0 0.0 0.0 0.0 0.0 0.0 0.0 0.0 0.0 0.0 0.0 0.0 0.0 0.0 0.0 0.0 0.0 0.0 0.0 0.0 0.0 0.0 
-18.834963074610634 13.83929584981079 -137.41490464756114 1.2578536579937982 14.173202287351954 39.88895202347607 29.694006705679598 55.84368213215906 -0.8009469835571077 11.417415200179772 -33.66197958375071 -15.763269552140097 6.331671733402803 9.288742620988677 -9.940263372712765 0.39510568799735707 112.49222716580609 0.0 0.0 0.0 0.0 0.0 0.0 0.0 0.0 0.0 0.0 0.0 0.0 0.0 0.0 0.0 0.0 0.0 0.0 0.0 0.0 0.0 0.0 0.0 0.0 0.0 0.0 0.0 0.0 0.0 0.0 0.0 0.0 0.0 
30.74602789162559 -4.234481230568688 40.03425498725953 -63.9947217387327 -65.90733781444781 -21.425706385600094 -56.01972351485983 -115.71418631890418 -24.68143682357814 -76.3673909365873 82.79198000096613 -36.08820128058099 -69.78172875248028 44.1780592481136 -45.22332917232662 -77.89904350650383 9.021273451745875 150.56691890298632 0.0 0.0 0.0 0.0 0.0 0.0 0.0 0.0 0.0 0.0 0.0 0.0 0.0 0.0 0.0 0.0 0.0 0.0 0.0 0.0 0.0 0.0 0.0 0.0 0.0 0.0 0.0 0.0 0.0 0.0 0.0 0.0 
21.550511590286845 38.194267507782676 80.91719152662203 54.44457059860448 9.173491149409477 36.48862303913959 11.245532955836525 -29.815977149079313 11.384527963867813 11.865231513029213 -30.698630125662078 58.97863983207569 45.16639926406079 -44.89078895937565 23.247691905878337 45.905153520829224 50.76211899795724 -39.91229107539497 145.999635641741 0.0 0.0 0.0 0.0 0.0 0.0 0.0 0.0 0.0 0.0 0.0 0.0 0.0 0.0 0.0 0.0 0.0 0.0 0.0 0.0 0.0 0.0 0.0 0.0 0.0 0.0 0.0 0.0 0.0 0.0 0.0 
70.95707821457663 75.80188920803721 22.113704137398997 97.76567344466257 23.34359533573023 -91.8345211125206 -64.80262559359608 71.77784675917492 43.283767997417506 -41.89278395294822 -19.589459810744042 13.716068447959373 -28.47658179521602 52.054326948444434 -87.671532230515 -22.58895850291335 34.933232543667195 16.902713510785393 -19.661755602296154 134.01414218284404 0.0 0.0 0.0 0.0 0.0 0.0 0.0 0.0 0.0 0.0 0.0 0.0 0.0 0.0 0.0 0.0 0.0 0.0 0.0 0.0 0.0 0.0 0.0 0.0 0.0 0.0 0.0 0.0 0.0 0.0 
24.631186757504118 -32.09570546894213 92.12642544820373 86.34004349105714 56.938542306412465 -22.727626337625168 -73.78904779099041 10.529339392087461 -17.235149692672945 45.89749503680162 -51.49084185461996 5.196900328609683 22.236626519728947 4.9758203571241575 -36.85981115787727 28.544722501080024 -7.558894219107311 25.8998052647863 3.9446681843713285 29.035772695565054 159.3976223120194 0.0 0.0 0.0 0.0 0.0 0.0 0.0 0.0 0.0 0.0 0.0 0.0 0.0 0.0 0.0 0.0 0.0 0.0 0.0 0.0 0.0 0.0 0.0 0.0 0.0 0.0 0.0 0.0 0.0 
10.648953516554037 34.88898395078916 -45.78312231058964 13.032792958577064 -37.963157028799806 -112.86301373266373 -103.61935840222145 21.64789971646508 -16.14756848696071 48.49369118058909 -14.279636262644463 -26.344973972552292 -49.34071730711069 9.966656814831563 7.489310480529127 27.92479269791865 19.710393071725157 20.16204874921547 -18.130495704647586 -2.8998427026788844 37.62835857708521 117.45580513503796 0.0 0.0 0.0 0.0 0.0 0.0 0.0 0.0 0.0 0.0 0.0 0.0 0.0 0.0 0.0 0.0 0.0 0.0 0.0 0.0 0.0 0.0 0.0 0.0 0.0 0.0 0.0 0.0 
8.798775757485275 25.25174003119221 -4.306999112943951 60.977515220462614 54.19631250698995 -15.020872518236532 8.479260516551435 109.8113883883809 2.319466928541065 11.09575902466172 -83.27223017618195 -8.162193166716964 82.76842027031968 43.955933119214734 44.89625069527894 42.06541350813 24.090655044803558 -61.51782389069663 -39.665870123683234 2.729756650558293 36.66226587518486 41.06998105394738 126.46641569970073 0.0 0.0 0.0 0.0 0.0 0.0 0.0 0.0 0.0 0.0 0.0 0.0 0.0 0.0 0.0 0.0 0.0 0.0 0.0 0.0 0.0 0.0 0.0 0.0 0.0 0.0 0.0 
60.71811095202137 92.6702868705646 98.53026375719283 65.95348634970057 -15.045132207068837 -8.149648442213152 -96.66074742547629 51.17703307096525 -33.9574239469933 5.180730746955902 5.285215518958305 -39.072365128080975 -14.475741235424922 -2.6089213388605694 3.7248327418696117 -57.59161211513355 19.85881483763791 35.184696494142 45.75784390369903 14.745957513641427 -21.615695309272123 -34.0383722442325 11.770737941581269 152.11677926987565 0.0 0.0 0.0 0.0 0.0 0.0 0.0 0.0 0.0 0.0 0.0 0.0 0.0 0.0 0.0 0.0 0.0 0.0 0.0 0.0 0.0 0.0 0.0 0.0 0.0 0.0 
-68.59563526650575 37.14856465354778 -12.989611968986443 -46.12500245597325 -98.88024727780248 44.49973427536305 60.99778206670698 -14.028088576678757 18.108786436508147 167.55774479151998 -42.81273997409369 46.32679874482055 -17.295691554340742 -24.870052196975866 24.288694186702465 8.850430050841432 20.98864253653453 -33.230228798971346 -13.971389027419782 26.956052645932978 -13.93468947803504 5.37767248757818 4.242992771939653 -12.332051455477258 142.4290635747372 0.0 0.0 0.0 0.0 0.0 0.0 0.0 0.0 0.0 0.0 0.0 0.0 0.0 0.0 0.0 0.0 0.0 0.0 0.0 0.0 0.0 0.0 0.0 0.0 0.0 
42.07450502956511 -17.02807608116355 -55.1518478858772 36.63192908577512 -2.180860398866864 93.89189354646255 135.03969045122972 -39.81300880795943 -19.25730165475167 18.926998844788034 32.082261138768764 -106.32262571259525 62.4948578455607 29.172639994151904 54.73069243069225 -36.35287495742083 -2.165468835418577 -44.11076897906383 37.088994129644696 -34.321335918808536 24.155951163315763 7.989140894826688 47.111252044384514 -16.85537053420015 18.296330667480373 114.74586545431437 0.0 0.0 0.0 0.0 0.0 0.0 0.0 0.0 0.0 0.0 0.0 0.0 0.0 0.0 0.0 0.0 0.0 0.0 0.0 0.0 0.0 0.0 0.0 0.0 
21.086990379379568 -27.156312580630818 25.533381664874117 25.325940552069266 -48.33295489094772 -76.32758811655894 35.48082319919131 78.04858186398616 58.119003905005265 -53.653930997601435 41.05488762758026 8.50727727841069 -0.8716620509769268 -18.13591755310042 -35.1541168312509 2.9668879067237137 6.4938943356831595 16.18205190346771 15.172096792132951 46.97667953142871 -28.798139398460233 -7.511503798466032 -2.9526780972287847 19.689958919416195 -11.480365522448247 45.14699619589722 119.1256638946915 0.0 0.0 0.0 0.0 0.0 0.0 0.0 0.0 0.0 0.0 0.0 0.0 0.0 0.0 0.0 0.0 0.0 0.0 0.0 0.0 0.0 0.0 0.0 
-37.94678131750585 56.94916510697387 21.138363912076162 -11.68311375919741 -9.491087549679026 88.44960299295235 44.94717208252097 60.61699544590931 -4.8529643184487945 18.0965166833464 -14.30142850879573 -64.90172557109793 63.091597434010026 -3.6477460204263465 74.27803167702784 120.1262246648203 -47.16217639539673 -17.920183732786846 -20.810289081861836 -50.32097687907647 -37.349971853970445 -23.845396250102112 -5.558050184836089 -23.685243102895264 -34.7846565388463 3.4032663341161196 -3.285212891190607 131.14730077727666 0.0 0.0 0.0 0.0 0.0 0.0 0.0 0.0 0.0 0.0 0.0 0.0 0.0 0.0 0.0 0.0 0.0 0.0 0.0 0.0 0.0 0.0 
45.33845624107011 -34.30598306354872 53.61391972533469 -8.77995008385559 -23.906533297196734 38.46933294407737 110.24839024224173 58.677444749946346 25.850499481892264 33.05756304743906 -19.529601581232434 -20.52944041453654 21.470266177132203 -19.163597195631972 17.737906464172987 44.26491445048352 -42.24130502068684 11.638513810721378 22.278205001312287 -19.428288731639974 -32.95562494616278 -18.769207086073987 -15.146296604242396 -31.153796378651936 -19.418843814428442 37.432960521266615 44.979806578687665 34.3413682405652 124.63575940421174 0.0 0.0 0.0 0.0 0.0 0.0 0.0 0.0 0.0 0.0 0.0 0.0 0.0 0.0 0.0 0.0 0.0 0.0 0.0 0.0 0.0 
-13.108638248256776 9.846205275042848 -41.68299418567072 -26.15275235830821 -6.8418373800749785 -8.346444896592274 50.43120506578504 -75.00778424855629 11.385827688426925 -85.51470623522476 31.697398255266744 -31.35108499980529 -4.1946717434340055 -36.932116072012505 -25.06285874409098 -8.278862042572367 36.74041419571614 -27.376551885597436 8.757017058341894 8.222728444634713 -25.512262758370234 -34.843232058717795 -22.773334520639168 33.387993284629914 21.7136858415486 6.346340956000408 -11.984506368073996 -7.006771393021845 14.46209837531603 97.6159499187371 0.0 0.0 0.0 0.0 0.0 0.0 0.0 0.0 0.0 0.0 0.0 0.0 0.0 0.0 0.0 0.0 0.0 0.0 0.0 0.0 
47.32777876770579 -12.373945775772288 57.40138771779725 8.971317790104607 20.4179056424834 -90.03146899501701 -99.80198599260385 52.87503035886439 26.830484662786535 -55.11246167944812 -15.07039973601316 19.310391431518592 43.04412492250435 -12.079168404048705 -33.51519638824106 42.49170022062611 -28.89774510105676 -10.789063390882808 72.25912444774016 -0.1620446548199682 -19.122618538614685 -61.51695287398472 -96.49453735687447 5.453364041246046 -79.03600030154526 -61.36389618445402 5.171292405828135 -2.142627980373863 72.98395657553964 11.395685554818431 160.26724122183572 0.0 0.0 0.0 0.0 0.0 0.0 0.0 0.0 0.0 0.0 0.0 0.0 0.0 0.0 0.0 0.0 0.0 0.0 0.0 
80.40371978646998 23.356484944215183 53.48145474429125 11.90906179730686 -60.10961742610961 -140.52987912396404 -68.7880093984462 60.873073601403675 -21.19815756040374 -8.332463901891744 36.225840089389365 -49.70572951298181 -42.49586348167121 -8.47867888582103 5.313052150094743 -3.967842705012854 -44.340820640992206 63.17839730037214 -4.646528351562444 -11.372037153365644 29.608465480628638 -24.12664410435514 17.874169251824913 62.82821809505996 -17.350689148789034 46.97142731850947 30.203077952632484 -40.00824491548004 21.884412887030145 -35.46695207543885 -0.056676650903714376 127.9927564635053 0.0 0.0 0.0 0.0 0.0 0.0 0.0 0.0 0.0 0.0 0.0 0.0 0.0 0.0 0.0 0.0 0.0 0.0 
35.76101384561342 -5.483969838964054 91.31150072858965 46.14950092912656 31.980972123605813 -6.994516377674633 -17.811137146914444 76.95381876978739 -35.05126353059493 12.026250206647704 23.479070612185037 -36.537790168881344 27.613016326177245 -1.374884712424519 1.9457431247145909 -11.686817881783748 -32.23415064314162 12.880739853729123 -4.273753928145218 -12.261296378517173 38.685184044934104 -20.838952948927435 1.0541908242028502 21.68623090652897 -50.826903128705624 22.62634996295189 -28.127319594476045 30.51365699133395 -18.714654892656373 3.6545222112796134 44.0949452245649 46.711948467072645 90.40624561989496 0.0 0.0 0.0 0.0 0.0 0.0 0.0 0.0 0.0 0.0 0.0 0.0 0.0 0.0 0.0 0.0 0.0 
-60.35578979788933 -7.955135757451585 23.86013776200433 -49.27906580818709 54.99635900608623 58.00902882105802 -41.04481146059682 34.64323285835408 -24.670160228199016 -71.31148356532923 13.419459432546157 -43.06275503850955 18.111749469138157 22.706112170555325 1.5854896076860845 -19.081295181934312 -75.76873287624763 51.45116850204961 21.986418109815943 -16.250667228265282 -32.72943642808475 -24.476344323883875 -4.431149003583295 -17.529237390119857 -52.78212052525556 61.771283763832535 17.213149019906698 2.212518861893226 17.494579188344403 -7.904483053317584 27.575892198180437 -44.11935816617464 -24.974125011306317 100.20046047772792 0.0 0.0 0.0 0.0 0.0 0.0 0.0 0.0 0.0 0.0 0.0 0.0 0.0 0.0 0.0 0.0 
-38.534404659005425 -17.644122834336574 -106.97941660308616 -149.7718034046345 45.299004337385114 1.345438752154286 10.869104049259473 -88.73470116942939 -19.565196826969665 -52.91078890795783 63.70110942818007 21.43186315734484 -31.798858864147558 -24.318643648661975 15.933831446568615 -60.040676884901494 -38.74115725150194 18.40803765941423 -8.948482916670601 -66.85620496566521 -33.850557847615086 44.23771175842509 -13.1515281992167 17.821665111254767 4.381959592905281 -19.530322511966315 20.809368875805966 -84.56134803803896 -15.148390299845904 -11.503939111395749 10.653631392134434 -29.463328517521585 -5.433542264851161 6.675788629755689 100.39135650532057 0.0 0.0 0.0 0.0 0.0 0.0 0.0 0.0 0.0 0.0 0.0 0.0 0.0 0.0 0.0 
39.58910067394472 -55.58700991271831 -35.12353820310868 -21.58485292659012 -24.660202628532684 -97.36356562523349 42.25562134919668 3.7640066240110395 24.943677510795908 -49.89905326830737 -33.838923160661594 1.861387467757721 5.568695794114883 63.04579719344825 30.968581198906193 -19.988236340441674 4.278418804994699 41.8194310722141 52.2381507264966 -15.642095019415883 -10.346710327187317 42.36101283273722 16.785162596239335 -66.70343103955872 -4.510121740412029 24.51998900430278 43.24587160751169 14.927468029690711 37.1802905505399 -44.570387712387685 29.043213396986378 -3.9677181273931432 9.209403324024786 -26.38925070377986 13.475577782262883 75.4173684628174 0.0 0.0 0.0 0.0 0.0 0.0 0.0 0.0 0.0 0.0 0.0 0.0 0.0 0.0 
-92.29626756357865 -47.59523034662676 -42.84514281479432 -101.59346309993059 -31.645547478002054 32.056215748452374 15.615391026218148 55.27515441008403 32.2986959127359 27.411620248762855 19.020205701491925 -10.920974920983685 10.060266735621461 24.532433932457 63.51545715876664 -25.29885830851543 -71.07167593142796 1.9131296536739726 -47.101704123813676 -11.516627408740526 -16.792080195964537 0.35414004266907123 -69.61224398200866 -10.320517568973639 11.371289099898945 22.575184482691117 -3.2814663610764407 -10.203751433823705 -5.086382703732804 -21.45524638447485 41.37218722052557 -15.390818350401121 -33.00152514236739 15.694221173625742 12.308178896856196 -4.136453414883709 75.0154496121153 0.0 0.0 0.0 0.0 0.0 0.0 0.0 0.0 0.0 0.0 0.0 0.0 0.0 
6.008205187657029 19.326119894501627 -121.54103921274374 -41.54372282694114 -0.31401724231566563 54.006038109895805 6.986225789105574 -113.3737188799319 27.073276485675112 -23.39390448226286 -45.37326571000721 57.93430766732948 -16.451677142130208 29.83611742873386 -26.002833194466067 9.446751982472312 57.93998144703034 -2.7811646572935813 60.741890037919774 -3.856079131064249 -8.55464626405489 42.602575961780964 101.33167853732338 -84.06878509167025 42.590267128168335 -17.67904636691689 17.572805566878372 -69.96201825636449 0.7954248600761518 -5.845385071106814 -34.42400228269104 -36.74670434592509 -12.03460917915739 12.63103519124622 33.43020958524626 45.02018287210616 -31.410766381139336 91.86710631337141 0.0 0.0 0.0 0.0 0.0 0.0 0.0 0.0 0.0 0.0 0.0 0.0 
-60.63499475998983 -52.06035253503253 -46.94154457727628 25.8644803667206 37.39814000952201 -2.8626978603688733 67.00499519572352 -9.05507775416907 37.570574977669395 -26.917836631290612 -16.081260131447422 56.857977429880854 30.778368285707074 -3.40311761692265 -12.149489358686594 31.74101421969386 61.06378527665069 27.904147419131217 10.704593387086812 -19.630160733653703 21.44676885301857 2.0385628673360277 -19.215849714977107 -97.3771569392842 -7.809012725726201 -57.068426167071166 -29.14419451183505 30.243195024794876 -12.22379752843938 4.760537883323151 10.138314453341136 -43.59156791570987 27.243811232454895 -8.297635460966966 -48.25430096661242 -5.127350760515192 -64.967884171186 30.536305858754062 75.52229316003601 0.0 0.0 0.0 0.0 0.0 0.0 0.0 0.0 0.0 0.0 0.0 
9.499558139257319 -62.57322237365925 -32.90377149334692 23.3919978648193 -9.909066596113414 -8.431624990792427 55.69400996584316 17.566328131786975 32.25954233036506 28.197075397583152 -15.792260751457073 9.934314866751444 -15.193684038551378 -62.33548013632551 -50.48223074214104 -26.11632732436856 37.649744049851094 -5.566349978044942 -14.10905722912414 14.867280721709989 81.04053826943196 -5.371120655581598 1.0320683850255257 -0.7466026279476996 56.229837542069895 12.94271439361889 47.08039566191661 -5.510146392894672 19.550520367603195 -15.668865849895058 2.766839646279421 -11.212762179831795 34.39460254077649 2.2195099644877825 -30.576987282089174 -22.113376492232454 25.369677396099334 -32.64979931710444 13.83601002802313 59.890771191224616 0.0 0.0 0.0 0.0 0.0 0.0 0.0 0.0 0.0 0.0 
16.51200448536537 10.711388198442348 102.81226231217252 63.43816014164365 38.27139016487472 16.300346422021537 1.7753726945394575 -19.378228410550715 25.24048269116513 14.998995418862782 -17.516526554079103 34.61222285583749 17.617834885738365 -13.654019801402187 -35.47257454319392 21.701963287242275 -13.719635640141945 -16.825648589973994 4.7406249628117925 -11.970330644242171 5.739676837921855 39.5536655841045 36.342442327686804 11.904461417158432 -2.4721303500271072 8.580219665462954 3.7638583951421865 59.124007655469285 -5.9466353937070595 1.1509591666104162 -13.391107199715147 -46.79566885892815 -18.670685297300214 21.97981599245199 -20.08556510785662 26.73656748059596 -0.13146776425951986 12.282069082369661 3.9327598684181946 -1.7917895751851711 42.80937707510625 0.0 0.0 0.0 0.0 0.0 0.0 0.0 0.0 0.0 
10.161322909062115 -12.827390305691752 32.13501528992296 38.274610667571125 -2.032304162311346 -18.182559803463363 -30.89904951903957 36.95004593687065 -14.693136675421183 58.077103855597805 -40.500224686684795 -12.761465501144649 13.265533656238174 -26.10319175695777 32.4028180909733 46.75524233737351 5.610663032814356 21.78586492566356 1.705145315910263 -12.72185250887028 14.120397727527216 19.809116761892227 -18.34698343938829 41.82305014421871 -8.928944264258659 -5.604497821797144 7.987253622216127 45.102264531361925 -9.036726778255046 -14.571061946862082 4.327461992232199 3.9433042776876532 9.14461266501199 -0.6154918568557349 -1.5411231351349481 29.173259224515842 2.419656310238099 -3.2402823608476674 -4.612418837525 13.885192047683502 6.243802954845667 53.236975119985274 0.0 0.0 0.0 0.0 0.0 0.0 0.0 0.0 
-7.683748956829486 -0.07680143544529291 -48.20913243105026 -62.42764839536172 9.02377625068325 -19.786609073035454 22.844079685442704 -84.32144096423129 -26.920570241216875 -105.98275100619485 5.698440586403949 47.89721301651864 44.9173682142379 -21.82147856533223 35.52282261995368 -12.969917334380103 19.685605880193958 -16.565780613169707 -3.5342607895542493 -36.77686517074386 12.188646593033425 62.490061117131454 -0.7675358940261172 -14.969315556253514 -66.00210656753269 -60.680839700267946 -4.218168027160145 -38.55156110124961 9.747893188862278 10.83552697857469 -8.818302285349013 -34.64843465516243 35.48393570634047 20.598897576191202 40.57536093530366 -27.602395634702262 -25.071951581939253 17.445948180852422 -1.6089515487216837 -1.02378259154967 -4.374516319982598 -29.65603869722676 46.713153310933016 0.0 0.0 0.0 0.0 0.0 0.0 0.0 
21.156581173579806 -49.48450009157046 15.380677957513402 62.7173010501557 -102.5212789181266 5.914131506361595 94.04489384541026 -19.10374345426561 32.93512005694729 18.92026032475075 -45.914408553264806 91.45007833873574 -13.385997080684042 -23.514659029942067 -38.502485369338544 -46.646444254884095 50.53275700427282 8.950771576746947 15.080546676540319 19.447965049456723 -21.99901304717334 0.2760393107068864 29.93740639294061 4.542042593781714 20.68413049782981 -19.187134991609817 31.06994914538703 -88.25802263023414 12.582865838791188 0.6069843565277532 -17.39395566119432 12.03330750425055 20.42943623166994 -8.197567982277759 -41.27649635549658 3.6700287352793888 -24.31717878502268 27.557078267718072 28.782855816649917 20.721147142518067 -7.702685117988725 -47.07928241617411 -25.549452787571145 62.73372124676795 0.0 0.0 0.0 0.0 0.0 0.0 
-16.090629610860876 -40.08608713627001 -95.42921403987754 -65.4893960464006 -4.579744563562986 -69.78795984644452 -26.31195993571185 4.263557986140979 -26.97943704792397 52.680563201095666 -37.67865207423287 11.12812680293711 -0.04143458236346183 -2.4285254372843403 -6.54309244605163 22.405042078582614 -22.31143578743315 2.640875731363854 -41.65771152073235 -42.238577632845136 -10.110510772516728 71.817205807722 57.75452434136561 -44.05676700424254 27.019553124885576 -28.015079507555953 34.02087704561211 -38.53579988285554 25.90434708986395 13.186350169185806 -27.713677441433152 -33.5738148896213 36.88943218631638 15.131606726992544 -32.85535525884597 21.132951093744573 6.9646585020629725 -21.76657207854019 -2.0969547892133416 -14.724142539150714 5.3895492584327425 -13.076952386060892 27.14117553021357 -36.158782742507164 68.24404892502145 0.0 0.0 0.0 0.0 0.0 
-33.10438578943566 16.040163429061355 74.22827897170315 46.36489597759451 -10.101401825262515 19.148510573863422 11.331697525868194 -28.22375512994068 -2.2842898593336476 11.948456769297373 15.900372949801273 42.51647036492966 50.20748253436366 11.66320684853961 -21.39221453604822 31.574678727173946 -11.697530217664214 16.930095817868846 -32.70328178889186 -19.123307639895554 -18.70203389558869 -42.68658351003064 -1.2393827533259345 -21.186194941760537 -0.5808555481374053 -32.51545343085034 -28.459789504308326 -3.7610364859380527 -22.220065626617195 20.480036300628647 25.181504826546295 -19.54240344799089 22.053387310685626 3.459650127139222 12.175284193264156 -27.5223144871167 -3.455445736135842 -3.6659127572487344 20.74454882117412 13.461056584883506 -2.3816827246811396 -4.553890096789383 19.184308025582787 -24.194219935998078 -20.753025465498695 55.92173917666873 0.0 0.0 0.0 0.0 
-28.53766909836774 -0.024853140958016735 -114.58917530337418 -48.66451470800109 -37.14799673276737 71.8152365606138 182.4385769398634 -119.53265314858261 24.067531925673723 55.551465369850966 1.905473245853189 3.106857438380543 -70.51055566067612 38.01823021950868 12.5150869477565 -5.806355413397611 -36.489359636403144 -44.89409958786068 6.738960265800647 -17.27081540723262 -43.05313006681701 23.172320041337727 30.69068764277958 -45.470510041376045 64.34646902114567 -4.834508569316984 17.70515887354891 -17.343901121980682 -6.1155207155472535 -26.267034519798987 -4.650402397874931 -23.857087413914872 -9.805036355276716 -27.027080254178248 33.36444006304986 20.095096873398024 -75.81764115501522 26.55692073566669 13.518184191307602 -25.526855815216948 13.659889681100177 3.425102461128597 -6.197370920835757 1.9055114933774298 -2.92936482073125 -7.501454091557518 37.87708236721037 0.0 0.0 0.0 
28.487257539517252 -38.430620012229994 -15.62332200461724 66.86912877462359 31.500962759256204 -64.93052165606889 7.891975113923445 -53.38946284268263 48.60310979102201 -1.4023351843500036 -56.6131813753651 45.156573305795504 -9.593656152512098 -56.664852521121205 -39.676703817548685 30.11822512177843 39.05439626048502 -85.33313444328634 -40.49712959896275 2.6584797852320903 26.493827482147072 15.248442875968239 -4.630452710725088 -2.268473903283568 57.67198954657224 -49.77189437970878 16.00132405930768 2.297783864578007 -30.09981632706693 19.089902470730216 5.080740738961339 7.081136687281992 3.1479107954620944 -24.873742422138232 27.86247674206828 -16.464719382056796 4.362221608623847 -3.4924989642298563 25.181221839466918 16.6864471815463 43.62651550611996 -36.165110684956474 -0.318298792985953 12.84770361529063 8.460364894506682 -18.281192306547034 18.92534478298777 54.79630182577579 0.0 0.0 
-42.11318280896701 47.283686914676466 35.02004381335092 24.891551092306273 0.7037834360625254 43.2787853191801 22.68225390255491 -39.2984703512815 0.28202419418786345 3.5176867112114447 -68.86489417340208 65.54057767194617 30.67550785813325 -68.41525718853056 30.299958304197528 3.217547932548558 15.169685074929847 -28.325312887053087 -1.1887436496249115 -18.721564087543193 -41.403349866079786 -29.510608267632453 -43.594705334325035 40.93774546837798 42.64894428574803 -47.50518689216082 -5.953973938819424 24.55964530317545 19.678550821952363 23.62110970728267 -20.200970378035468 -13.265086693819908 -26.840946736985384 4.1749419506160885 12.588110284436928 15.024938320302109 2.1148380895482566 17.914552117288554 27.384699108753153 -22.275471337507387 -8.172703827315125 -21.38145636060018 10.430313752354017 8.322674227895977 16.695162816145398 -27.606886404645664 -16.54434608132758 1.3696224816891562 41.574598999108076 0.0 
32.981872035219766 8.798071337199273 -36.76846062723063 9.348907838319843 -1.3933841826888622 -41.91558967874374 -58.67445282748699 -20.54385484291839 5.8340892958453985 9.54117577153011 20.134646170862997 -17.798959877830747 -79.33113014725286 27.64477828229662 -16.063209120610058 -34.127920767718386 -27.096021181262216 34.813735909028516 -7.861419249173711 -1.3438520416989825 -13.006497800644738 4.543664358052037 -41.98224229605837 52.54834313783173 -4.845814208497977 10.88587747302827 -31.949962748176166 -16.915196236680867 13.017742673455984 14.846326684930364 24.613805362559454 32.6607262125949 -19.292040977708986 -17.19508717163529 4.876670252670061 -25.463029772123015 21.559614918470004 41.00921936925274 3.8154887278728644 -27.542781009687925 22.096773511070804 35.585189395643795 -2.924995401720213 -16.51286574298634 11.381606460341569 -15.715475198632003 11.861759633257032 17.17464503138515 -8.403476945107428 37.91503304068566 
