0.390528438776804 0.3214126122533535 0.062143397017336455 0.1546403197428529 0.4077152055178447 0.20599582778022363 0.4793814826736463 -0.42691659239047036 0.22778488624932278 0.13652224313830721 0.43505962044811525 -0.046395482798441974 -0.09560763133052262 0.04752003434819493 -0.07433086190433921 0.18579805560055504 -0.023560977452931574 -0.07156862419348722 -0.16682330186107816 -0.7037872259900677 0.06623865894258044 -0.274113352455759 0.009263855508590338 0.07728393994760643 0.3726852351684159 -0.4883540986147692 -0.3324129481627072 -0.08296804765216612 0.22875475780274931 0.1911143426939093 2.7368309186388804 0.02970400927168898 -0.09430209114784653 -0.9269222824533087 0.073279430974314 0.019650022290547044 0.22235225300269795 0.2768021482775913 -0.13811410768146756 0.16280957647915686 0.13904445988098654 -0.20505493477967474 -0.22002581728796589 0.517088991208127 -0.35270089103501867 -0.2103268395183606 0.8160173667555674 0.25550488955633266 0.0910680594554007 0.2364696345496836 
251.76327784992966 0.0 0.0 0.0 0.0 0.0 0.0 0.0 0.0 0.0 0.0 0.0 0.0 0.0 0.0 0.0 0.0 0.0 0.0 0.0 0.0 0.0 0.0 0.0 0.0 0.0 0.0 0.0 0.0 0.0 0.0 0.0 0.0 0.0 0.0 0.0 0.0 0.0 0.0 0.0 0.0 0.0 0.0 0.0 0.0 0.0 0.0 0.0 0.0 0.0 
-5.6308575825635225 193.1884580265056 0.0 0.0 0.0 0.0 0.0 0.0 0.0 0.0 0.0 0.0 0.0 0.0 0.0 0.0 0.0 0.0 0.0 0.0 0.0 0.0 0.0 0.0 0.0 0.0 0.0 0.0 0.0 0.0 0.0 0.0 0.0 0.0 0.0 0.0 0.0 0.0 0.0 0.0 0.0 0.0 0.0 0.0 0.0 0.0 0.0 0.0 0.0 0.0 
27.895191066441427 19.154504406284907 276.72073008508636 0.0 0.0 0.0 0.0 0.0 0.0 0.0 0.0 0.0 0.0 0.0 0.0 0.0 0.0 0.0 0.0 0.0 0.0 0.0 0.0 0.0 0.0 0.0 0.0 0.0 0.0 0.0 0.0 0.0 0.0 0.0 0.0 0.0 0.0 0.0 0.0 0.0 0.0 0.0 0.0 0.0 0.0 0.0 0.0 0.0 0.0 0.0 
57.91527775136262 -45.13917612682272 20.287298826589566 214.6744440691233 0.0 0.0 0.0 0.0 0.0 0.0 0.0 0.0 0.0 0.0 0.0 0.0 0.0 0.0 0.0 0.0 0.0 0.0 0.0 0.0 0.0 0.0 0.0 0.0 0.0 0.0 0.0 0.0 0.0 0.0 0.0 0.0 0.0 0.0 0.0 0.0 0.0 0.0 0.0 0.0 0.0 0.0 0.0 0.0 0.0 0.0 
106.51362984971182 31.220226514218613 26.571126072145283 21.96733557831453 248.0966032027292 0.0 0.0 0.0 0.0 0.0 0.0 0.0 0.0 0.0 0.0 0.0 0.0 0.0 0.0 0.0 0.0 0.0 0.0 0.0 0.0 0.0 0.0 0.0 0.0 0.0 0.0 0.0 0.0 0.0 0.0 0.0 0.0 0.0 0.0 0.0 0.0 0.0 0.0 0.0 0.0 0.0 0.0 0.0 0.0 0.0 
-22.082429735884716 -73.89852633442544 -27.66638568336452 -56.60957505863901 15.56829488228618 195.58379630408893 0.0 0.0 0.0 0.0 0.0 0.0 0.0 0.0 0.0 0.0 0.0 0.0 0.0 0.0 0.0 0.0 0.0 0.0 0.0 0.0 0.0 0.0 0.0 0.0 0.0 0.0 0.0 0.0 0.0 0.0 0.0 0.0 0.0 0.0 0.0 0.0 0.0 0.0 0.0 0.0 0.0 0.0 0.0 0.0 
94.39801874992075 -95.86001603067005 66.39066429888359 -5.851062122417191 122.9933702987433 118.62260564818585 236.82235056899071 0.0 0.0 0.0 0.0 0.0 0.0 0.0 0.0 0.0 0.0 0.0 0.0 0.0 0.0 0.0 0.0 0.0 0.0 0.0 0.0 0.0 0.0 0.0 0.0 0.0 0.0 0.0 0.0 0.0 0.0 0.0 0.0 0.0 0.0 0.0 0.0 0.0 0.0 0.0 0.0 0.0 0.0 0.0 
-92.61475658725688 5.387250221194337 0.07499569374504766 13.332375763514339 -59.01786742511941 -34.750133845591954 20.81424513284599 214.88604456608877 0.0 0.0 0.0 0.0 0.0 0.0 0.0 0.0 0.0 0.0 0.0 0.0 0.0 0.0 0.0 0.0 0.0 0.0 0.0 0.0 0.0 0.0 0.0 0.0 0.0 0.0 0.0 0.0 0.0 0.0 0.0 0.0 0.0 0.0 0.0 0.0 0.0 0.0 0.0 0.0 0.0 0.0 
44.26369929861588 -19.70615497626474 51.70777551700038 -21.38094559931949 -29.37805265680777 26.589286635750156 36.54723775100601 -14.979960843787456 173.82519563448903 0.0 0.0 0.0 0.0 0.0 0.0 0.0 0.0 0.0 0.0 0.0 0.0 0.0 0.0 0.0 0.0 0.0 0.0 0.0 0.0 0.0 0.0 0.0 0.0 0.0 0.0 0.0 0.0 0.0 0.0 0.0 0.0 0.0 0.0 0.0 0.0 0.0 0.0 0.0 0.0 0.0 
-49.93090694618439 -53.557663943539396 -1.1697758742325906 -18.97412461323296 -63.78351535478134 0.12007712292998417 24.35094549325308 0.880915670090201 -44.16517372490205 222.39773516835436 0.0 0.0 0.0 0.0 0.0 0.0 0.0 0.0 0.0 0.0 0.0 0.0 0.0 0.0 0.0 0.0 0.0 0.0 0.0 0.0 0.0 0.0 0.0 0.0 0.0 0.0 0.0 0.0 0.0 0.0 0.0 0.0 0.0 0.0 0.0 0.0 0.0 0.0 0.0 0.0 
63.091155008498646 -53.24315111237392 11.125502830590344 -18.88705064731977 37.578141071654386 19.78100768417326 55.26532159261548 -9.387184016574698 46.66682871346404 44.36830483523265 150.82275050401404 0.0 0.0 0.0 0.0 0.0 0.0 0.0 0.0 0.0 0.0 0.0 0.0 0.0 0.0 0.0 0.0 0.0 0.0 0.0 0.0 0.0 0.0 0.0 0.0 0.0 0.0 0.0 0.0 0.0 0.0 0.0 0.0 0.0 0.0 0.0 0.0 0.0 0.0 0.0 
64.75055434318116 -44.62831712953349 9.392256573364877 -37.658222184278145 105.37476995746972 -0.06323825378938441 -19.044132712400867 -19.150848033632265 -30.626059883934662 47.35577748111386 30.82075524294618 144.0600680170784 0.0 0.0 0.0 0.0 0.0 0.0 0.0 0.0 0.0 0.0 0.0 0.0 0.0 0.0 0.0 0.0 0.0 0.0 0.0 0.0 0.0 0.0 0.0 0.0 0.0 0.0 0.0 0.0 0.0 0.0 0.0 0.0 0.0 0.0 0.0 0.0 0.0 0.0 
5.6991188050472035 -30.883410060520514 58.69107116559307 -55.19587306957815 -7.646478518427097 35.96827387819951 -18.622935342403053 -16.98248934296955 -9.829129663789434 11.600422042169367 45.4428574249824 31.96891761780406 193.72527778074289 0.0 0.0 0.0 0.0 0.0 0.0 0.0 0.0 0.0 0.0 0.0 0.0 0.0 0.0 0.0 0.0 0.0 0.0 0.0 0.0 0.0 0.0 0.0 0.0 0.0 0.0 0.0 0.0 0.0 0.0 0.0 0.0 0.0 0.0 0.0 0.0 0.0 
63.66046995486918 16.481253313757385 7.513145978267813 -9.133222239565695 -12.518738702740857 13.405151854935173 -37.66554179663311 -40.247836782167944 -29.253681286802134 -56.84674483389351 -25.218393091693176 23.102125283664115 -46.986687266620855 199.1169050300983 0.0 0.0 0.0 0.0 0.0 0.0 0.0 0.0 0.0 0.0 0.0 0.0 0.0 0.0 0.0 0.0 0.0 0.0 0.0 0.0 0.0 0.0 0.0 0.0 0.0 0.0 0.0 0.0 0.0 0.0 0.0 0.0 0.0 0.0 0.0 0.0 
-42.37272719236213 32.24347353944315 -21.579251010279183 53.6316635227425 -24.686385431935637 -38.42306879086638 -4.51606028676735 62.77457637471396 46.81000973600439 40.63467892078217 -34.43668394674868 -24.178075212943515 -54.37755841460344 23.378784249688955 187.04670428127977 0.0 0.0 0.0 0.0 0.0 0.0 0.0 0.0 0.0 0.0 0.0 0.0 0.0 0.0 0.0 0.0 0.0 0.0 0.0 0.0 0.0 0.0 0.0 0.0 0.0 0.0 0.0 0.0 0.0 0.0 0.0 0.0 0.0 0.0 0.0 
49.66204992247107 8.752588522732097 27.196186715646782 -23.909447811795687 -17.762317480218723 -0.8285912141340047 13.639420543971745 17.944127702086128 -11.294012012947562 -24.78586260837662 59.9631704319327 -48.510529839040785 4.099037590068296 2.6568130374102776 29.11351455931441 123.80966629644732 0.0 0.0 0.0 0.0 0.0 0.0 0.0 0.0 0.0 0.0 0.0 0.0 0.0 0.0 0.0 0.0 0.0 0.0 0.0 0.0 0.0 0.0 0.0 0.0 0.0 0.0 0.0 0.0 0.0 0.0 0.0 0.0 0.0 0.0 
18.935854956234042 50.652396728347924 44.24771926768371 -13.689490047118099 5.903240990880324 -33.27981867545649 5.027908136639561 -0.0255211194645805 -21.613661785459275 -4.654848109667591 -32.84837005774413 -20.203937395302383 -35.5731119302188 11.177501758696348 -33.117451601949305 6.4056480798955455 146.44773449890698 0.0 0.0 0.0 0.0 0.0 0.0 0.0 0.0 0.0 0.0 0.0 0.0 0.0 0.0 0.0 0.0 0.0 0.0 0.0 0.0 0.0 0.0 0.0 0.0 0.0 0.0 0.0 0.0 0.0 0.0 0.0 0.0 0.0 
35.58144352042753 76.42849692642561 22.911120335399257 -44.6716952873182 4.276339225849566 -19.310645525156435 -22.28305692503464 -25.400414157003585 8.10120059481047 79.39965835013781 3.752104691654893 87.69837352106599 -0.8916767794342313 -19.516551015868725 -50.8227310264959 -42.00593208123973 -9.454530640564974 188.70987505969026 0.0 0.0 0.0 0.0 0.0 0.0 0.0 0.0 0.0 0.0 0.0 0.0 0.0 0.0 0.0 0.0 0.0 0.0 0.0 0.0 0.0 0.0 0.0 0.0 0.0 0.0 0.0 0.0 0.0 0.0 0.0 0.0 
11.52822499929417 -42.91307446311793 -24.5142609110586 -26.686437819443878 57.03233611122219 38.787750863321484 8.51120108041008 -3.7822188956598843 -31.91265698023052 2.5603677704850107 70.12419453844146 122.98854027261156 64.77569876339848 -12.44519591318155 -16.1989874071927 86.4506922972207 -58.82911982773341 44.65974972700819 189.75777941075833 0.0 0.0 0.0 0.0 0.0 0.0 0.0 0.0 0.0 0.0 0.0 0.0 0.0 0.0 0.0 0.0 0.0 0.0 0.0 0.0 0.0 0.0 0.0 0.0 0.0 0.0 0.0 0.0 0.0 0.0 0.0 
37.83931864073829 62.83058559692034 -79.98090761831864 -23.62969705777414 -28.485144453963386 -60.79405478101006 -74.11965984955998 4.368288509572422 25.200239234890155 18.319866552547587 -3.7421584624196984 -18.01156147615236 -15.08379525616495 -53.26109518829992 -9.849697852447633 25.22038411897184 7.253706765504415 22.396274145026876 30.89815443453658 170.53375013520923 0.0 0.0 0.0 0.0 0.0 0.0 0.0 0.0 0.0 0.0 0.0 0.0 0.0 0.0 0.0 0.0 0.0 0.0 0.0 0.0 0.0 0.0 0.0 0.0 0.0 0.0 0.0 0.0 0.0 0.0 
-24.35152398190241 -2.1955567779469023 18.564359195577545 20.250634090266022 -63.750261018032596 -24.557005333894622 -14.452891769484744 33.65771568424417 -1.8287604198473302 28.568737974966446 -20.232750008704024 61.983968619621656 48.20577781153828 40.34724375629173 -23.914250896046244 13.604557855948148 -6.525775881595696 52.230811613091944 42.713071886380305 -34.128181996629145 122.63973601900139 0.0 0.0 0.0 0.0 0.0 0.0 0.0 0.0 0.0 0.0 0.0 0.0 0.0 0.0 0.0 0.0 0.0 0.0 0.0 0.0 0.0 0.0 0.0 0.0 0.0 0.0 0.0 0.0 0.0 
-92.12191718025825 93.64821287566929 -118.21714494029703 -50.77116281801212 -75.06698799651892 -26.10926033766243 -88.27530164038278 13.165319135927877 -7.095081445709956 78.71824772075769 6.817006246085254 25.34771896373935 -25.964486327567233 -14.033355439538749 -19.18625025325083 -28.70553859826595 -22.315331133200296 55.0164833779189 -4.158723608005225 16.654828332415544 -18.44527411976399 172.8164046664535 0.0 0.0 0.0 0.0 0.0 0.0 0.0 0.0 0.0 0.0 0.0 0.0 0.0 0.0 0.0 0.0 0.0 0.0 0.0 0.0 0.0 0.0 0.0 0.0 0.0 0.0 0.0 0.0 
-33.472127068086365 -55.84067726073552 26.481079940025616 6.407713297680374 5.9741499152122435 -6.561411205602928 56.89449080073191 32.8705252332241 60.230754114465796 -40.911561132822875 8.831303740441273 -23.750088991214223 -1.9280718772930536 -24.20541917089815 58.9102833754227 -11.842655588313411 6.477778105923105 -32.25310304385462 -20.570139510083592 -29.16736047451448 -2.2189855250887778 -2.207632060446814 147.54738281307817 0.0 0.0 0.0 0.0 0.0 0.0 0.0 0.0 0.0 0.0 0.0 0.0 0.0 0.0 0.0 0.0 0.0 0.0 0.0 0.0 0.0 0.0 0.0 0.0 0.0 0.0 0.0 
28.912939752175234 5.007289844330429 -42.828818586079734 24.050269024648454 71.85718037334495 -29.69148387177542 9.450636418785567 18.5891830087619 16.419350669303583 -45.587820757770515 30.758348212582007 15.03844671943514 24.57160454525445 -50.168587659728146 -31.969334080127183 -26.078326992726975 38.11566988667716 25.77173217176289 67.27326118457415 -2.1936158634600242 -2.5876238663756994 7.649841511571477 14.339309527488766 139.0821534003461 0.0 0.0 0.0 0.0 0.0 0.0 0.0 0.0 0.0 0.0 0.0 0.0 0.0 0.0 0.0 0.0 0.0 0.0 0.0 0.0 0.0 0.0 0.0 0.0 0.0 0.0 
-41.41420508153307 7.63547827569831 23.05240586563936 -45.41560173197897 -16.258000880456194 -14.765776095324377 -67.78244971968861 5.133163720270543 -47.89847158964964 54.97435210157591 53.90844913450281 60.370233269878405 47.831254016652615 -55.1114730114728 -34.31256638334066 -34.232470651783885 -19.475870837534604 -9.594681232612723 2.6349036141302364 -3.824216192993796 -33.19403434036814 84.306875824955 -23.83882608177368 48.77914007578619 149.09194700084328 0.0 0.0 0.0 0.0 0.0 0.0 0.0 0.0 0.0 0.0 0.0 0.0 0.0 0.0 0.0 0.0 0.0 0.0 0.0 0.0 0.0 0.0 0.0 0.0 0.0 
130.91450079576336 -34.86908513299812 35.22191417931673 24.45758680680228 27.866721451013543 30.47372593434315 109.65013525346731 -130.107927554506 -47.052477751172084 -15.01339601644525 37.47039941999379 -5.251187453039887 51.46057179922603 -4.148187769562933 -22.652935401585083 -31.499700499405925 -12.38155350210386 -55.51121678240764 55.52319461184362 -36.616597411136496 -9.446124175250663 -0.11478903077943135 5.794758448174776 4.564916065856319 50.97367769170211 135.77084855910363 0.0 0.0 0.0 0.0 0.0 0.0 0.0 0.0 0.0 0.0 0.0 0.0 0.0 0.0 0.0 0.0 0.0 0.0 0.0 0.0 0.0 0.0 0.0 0.0 
-16.936220844315333 -8.411403152584125 49.308224839539534 -49.67366361843897 29.40011941749029 -10.941204468599343 17.58948030427751 51.3834599403572 23.985042708067283 -32.134320225177675 -20.533680302287266 22.197346484882313 19.677903732184088 -6.925071183256789 -69.04306658052609 -22.09486691682438 54.88865736210344 68.08046719199952 -19.573316244310252 36.42285587512341 27.908115511460345 -22.40669795379586 10.747326593054384 16.972568748023953 -14.897752363796911 -15.105856268077877 145.75003315764027 0.0 0.0 0.0 0.0 0.0 0.0 0.0 0.0 0.0 0.0 0.0 0.0 0.0 0.0 0.0 0.0 0.0 0.0 0.0 0.0 0.0 0.0 0.0 
13.478937638623618 22.91184988727716 22.44648767537392 -18.471043416720125 -4.295020657049079 13.443689316145514 23.05447922701535 -16.35762452488152 -31.160282838390003 -41.70669955921768 -48.68077303266734 -76.92654378343195 -19.682845447815815 55.72225870127183 -6.416965869891157 42.80849364358623 -2.226967393584848 -70.70396953749061 -71.05826629378491 -56.486937356887616 -29.362114799842118 -51.10677250364422 23.96102653844501 -29.477252002577174 -24.470472866673635 -10.19008746774191 10.526983733172145 112.38379736141205 0.0 0.0 0.0 0.0 0.0 0.0 0.0 0.0 0.0 0.0 0.0 0.0 0.0 0.0 0.0 0.0 0.0 0.0 0.0 0.0 0.0 0.0 
79.53769159195609 10.206438763481348 14.22748246901614 -64.72302904424934 19.10469914978815 49.6912517387587 -41.529734218304604 -23.564280088370314 -17.378234626417754 -0.13993535748548072 -20.10531963841567 0.5087558174271835 -0.5544632096857133 -20.682085347651267 9.468461343980032 20.51967663454156 -20.65556917762302 -36.304926687195554 -59.61280223572301 11.16372480486027 -11.872370945596836 -24.516537619691572 -37.69663213279353 9.021532058383785 -30.2618621671653 8.990101224684487 25.72609435691994 31.01106000244301 154.17740405146043 0.0 0.0 0.0 0.0 0.0 0.0 0.0 0.0 0.0 0.0 0.0 0.0 0.0 0.0 0.0 0.0 0.0 0.0 0.0 0.0 0.0 
33.97292241798012 1.6502812690442081 51.70690634021963 -48.45100469140395 -26.578876534420107 -7.8611984930011065 110.58095220934126 9.555262954983204 22.106967271616504 -0.6561447200682933 38.942959788903465 -69.77329818716431 -51.893010545336956 -2.135749469859178 30.437357484121385 8.824218635294729 7.042313317573768 1.2206231487903954 -27.522377452370574 30.346507845543417 7.0746262495234955 -36.545371259742645 2.916582781632988 -29.249269649504715 -27.3277238634793 37.69692638702786 -3.492142246851012 2.7502552460021197 17.507610249519836 118.52599252914189 0.0 0.0 0.0 0.0 0.0 0.0 0.0 0.0 0.0 0.0 0.0 0.0 0.0 0.0 0.0 0.0 0.0 0.0 0.0 0.0 
-71.0087823717887 67.71904246949354 -72.79750137387366 15.212149214835856 -31.880504125632953 -46.65799797529129 -30.928891895619493 88.18071693366747 -0.2465231559649753 30.698784340670763 31.530613593324706 74.8678885586279 -7.692440863317811 9.633893738126213 -43.98654299654663 35.54921800742842 -33.254209632334174 58.932632392191344 16.13819431412746 -48.338763291593835 66.07954511533735 -57.49380463459058 4.014212500904938 -52.53619716242508 -19.885096675552944 -80.32884125750829 25.574141622856384 -25.65365759994232 11.57620715132493 -9.810736329756931 155.68691165986957 0.0 0.0 0.0 0.0 0.0 0.0 0.0 0.0 0.0 0.0 0.0 0.0 0.0 0.0 0.0 0.0 0.0 0.0 0.0 
-105.38960717182 29.58007671857404 -14.813434203303181 -12.199602380657705 0.4751922693719435 -55.87578753726735 53.65472651498622 33.505454084207095 44.14142160335607 54.344250826276024 25.405679220656566 23.89903144704524 -33.57679358174649 -7.5318656525066245 32.473885601512016 -32.515271564490384 6.845493903607642 31.73542199897215 7.422711892970114 -32.134213508610436 -7.655795739184491 17.70735254880003 16.471042092852677 31.26412595093036 3.364274738630909 -5.457972449485533 11.20192896425362 -50.00112620929528 26.876344016619363 5.832692423490143 26.804297701409332 113.96009679443297 0.0 0.0 0.0 0.0 0.0 0.0 0.0 0.0 0.0 0.0 0.0 0.0 0.0 0.0 0.0 0.0 0.0 0.0 
-36.81712376136509 16.64716489187557 14.523296558328306 -9.983183043614982 39.61533261011958 7.793656691563013 37.8285905790934 -26.608975736779037 -9.908555640445437 83.69121579947996 -15.445710073187675 -5.270129004061475 8.523458565197698 -6.578632424840522 -34.57751207687515 -29.816478340406942 -17.723947787876728 -38.30096458610559 -46.05557519015557 -54.37309182426339 -6.81017043850266 -45.27640654813236 5.395033804727749 -31.502023609947262 -14.445992153030259 18.893091354979966 -6.659751257919812 28.73768195036794 15.134411156853954 9.801082608220819 45.60395942683142 -10.331754129896389 119.98546121441242 0.0 0.0 0.0 0.0 0.0 0.0 0.0 0.0 0.0 0.0 0.0 0.0 0.0 0.0 0.0 0.0 0.0 
-71.02691426333793 44.709223671106635 85.45054345891408 -17.113398101537065 -6.8406770795128375 6.184006788282065 1.0848743351397903 43.63037278231415 10.090825919442782 -79.92717474839266 -93.64271370088287 -32.82390710172416 -69.78901584083064 22.58862314872111 8.422754654073016 -20.339549696850245 26.053764023030222 19.825658900865857 -22.639765717780186 -14.32180263110685 -43.63376329353205 -50.13831957555481 -23.849467059065613 41.34035618312157 11.943233311588349 50.378247160127636 26.590033310142072 -8.206206783797484 -14.61395274055525 -4.281801587964892 34.775797684665186 23.529491576505638 -26.19937183988342 113.69152531980478 0.0 0.0 0.0 0.0 0.0 0.0 0.0 0.0 0.0 0.0 0.0 0.0 0.0 0.0 0.0 0.0 
-43.487943086390665 26.59383831303379 3.855789706000555 -33.380565123329944 -14.914035283665712 -13.149646855895837 11.837884954955785 22.839729063208065 12.118682005643652 8.969855755256367 3.258267121233836 1.6096623196864877 11.156991729170631 -42.51467437940278 -10.47428880682024 21.598016844536847 -13.281757796383374 20.67216134761824 7.306124849096732 -23.683089844393326 -0.048034799023331236 -1.9281341977415594 18.714264198800645 -8.573682714822825 -12.86864354805931 40.75660859317702 -6.244788906817512 -37.25647826145854 -60.369994717495146 -54.74152357784666 8.87078638372387 -52.164649935143395 -1.3018713316602544 17.289591908680258 110.51352130305686 0.0 0.0 0.0 0.0 0.0 0.0 0.0 0.0 0.0 0.0 0.0 0.0 0.0 0.0 0.0 
51.278678153025574 46.00761830819037 -18.42827992655283 -3.7350378030710143 19.205220606022515 26.33561794338009 -28.002850720891562 -38.60266181248479 -21.819607889298144 30.336001868195687 -3.2672287616107787 134.33177801814125 42.73367883736223 29.911667414286608 18.98534131359775 -12.74034715584676 -59.79605176119306 63.39840884856679 43.57349728989035 -9.459334086060052 8.409360268080912 4.745998788397565 -21.658639774952494 -38.75440838606315 -31.34583203823542 46.42296782352715 -10.230664442967926 5.202980918640907 35.43043326577468 -38.411343551066295 24.042942062978188 -17.340838290410765 6.160452665609272 -15.129091934249526 23.395372264964056 91.26138115817827 0.0 0.0 0.0 0.0 0.0 0.0 0.0 0.0 0.0 0.0 0.0 0.0 0.0 0.0 
38.14288196707356 -17.88358625221722 -1.536310682334955 10.020105623093093 10.24442761888139 27.551164811397364 71.32715290072332 50.18882184298043 40.45097662568999 -4.315598752035269 9.771685005422324 6.6684467716295215 -27.288292926966623 67.74087990499902 62.77363507981184 31.932194625390178 -64.09931099152956 -1.9126256196564948 21.73627435090387 -13.541832639465113 4.791897209864921 -15.677224547911939 -41.51620460403129 -32.950184921374664 21.71374938204816 30.218822410452486 9.468476516283637 -1.763784488421189 -90.39578190782052 -55.46447948414806 11.804015507629796 -5.243847373006021 -20.76686320311793 -11.557278314416635 21.646887666698237 -11.878196152661157 84.99114307236869 0.0 0.0 0.0 0.0 0.0 0.0 0.0 0.0 0.0 0.0 0.0 0.0 0.0 
-6.113793097759816 31.50369575837307 -24.962688339620044 41.693406673659254 -25.239941300376923 -30.204300447467823 -14.69763384644696 16.83684118576121 57.42468685907575 -14.307574691081639 -6.760278407323075 -25.238701405715812 -74.08927620527034 10.623983004227252 20.152978935798576 2.6183482160494536 -13.86271082893037 60.0375189548066 22.056639881010334 -46.3530585457197 -24.22554830983271 -2.3185109801223147 17.218273650957517 -10.208720189385692 30.443362885113327 10.364158521817613 -2.495453266367521 -33.49699089896515 -37.52952861981543 -48.697556641122844 11.271922192605864 1.7418581995475608 -1.1299852900549516 26.409451862665556 33.23588947158767 13.710664446365968 12.064102314060124 80.14890849392101 0.0 0.0 0.0 0.0 0.0 0.0 0.0 0.0 0.0 0.0 0.0 0.0 
9.509385688423581 0.16089933564290354 15.415997979282679 -43.96624179843629 6.098158340815964 -27.389862510614595 20.351689618078904 49.516159317307135 -8.393034963713847 44.06295949817843 27.764273002757857 16.828893737125775 8.60288196768978 -43.36034392385598 -3.3634059932690814 44.13357075214602 -32.35456828205719 51.2959403397047 6.807953938866255 4.561597588710558 -9.650827391697588 18.590397565351488 -4.210834381099806 -22.928385622694424 -14.037524050798952 41.17319953970062 -11.016098717086713 -4.9425406380817405 4.00490659583724 7.2622727483047935 27.978625661703198 3.7856404256199556 -40.47882158421377 -2.3556335096126504 -24.11310710106574 19.96012252328819 -24.29691780278643 31.645314981584555 99.19975890549614 0.0 0.0 0.0 0.0 0.0 0.0 0.0 0.0 0.0 0.0 0.0 
166.3697817534593 -34.49053427051525 -11.67536421076326 -51.77228249122924 72.28913272900645 23.04916135155375 27.78198571859107 -57.42872771827059 22.00101558912303 -71.75885026970862 57.349104418195715 20.60480237459006 58.309973910999894 -27.76778911633186 -51.06564050380007 -15.369441867732693 -13.780142688776001 3.3127652277021964 -3.190893670477616 -8.528481492901431 22.397920170258583 -19.023708902056036 7.66949877962167 34.8623010500984 28.22537474693243 -7.795757554417934 31.185132301155054 -20.996519186914 49.696269109830176 18.731493619510506 -32.37015469314523 5.963642992667902 27.9457066289935 16.314502389861268 -6.911903059678822 -7.395036913876407 21.98475674714064 -25.6956746919047 6.546126152770432 71.91281199147541 0.0 0.0 0.0 0.0 0.0 0.0 0.0 0.0 0.0 0.0 
61.656172586345555 -8.57874752717241 101.40855549141983 62.91790406259635 93.024178645683 29.607841976736445 16.108355006117883 -22.30459574039115 -6.21848300114872 -0.9624035563379202 12.421252530036718 51.440299008450985 29.337385567214216 -34.305306403048405 -31.864860731376297 -55.259395648143425 10.934678597212217 -15.85838499571203 6.528429554796547 -32.81160771094993 -14.725456098351598 50.14666173556057 -21.819346014087458 49.79493101362717 -10.932839728607902 22.674212571778877 13.335883315171943 41.390261162812855 -26.279040027042196 -12.533644646113556 -16.389068489753647 -3.0235495522360734 -29.259943010686207 16.133461082825427 -23.3094173501928 31.055116550738063 25.662964420435753 12.668125305852802 -3.6311548027883482 -6.063411631548273 61.642067952389496 0.0 0.0 0.0 0.0 0.0 0.0 0.0 0.0 0.0 
1.4926811171398717 -60.655494525464015 85.64794345447562 9.03679884433587 28.63364850455878 28.71666097054843 18.914311875394066 -11.458666862525734 -15.249408047151297 5.742585722666637 -21.286587254160843 40.629411481849765 46.67369471035511 25.616478384993165 -1.56624446904144 -37.16020408668644 29.635675480471434 -66.24885021825474 -72.76311151866126 -13.609769001077005 -0.6583595087976507 13.86244562078066 -22.80630414398906 25.359816432848955 -44.591670633642366 -16.136344141865383 7.5029857489490865 38.06362221878633 -7.544891374150035 29.836270090956525 -0.38005110711599005 21.954019107706202 29.336625976984482 34.20786790321731 19.540857150727803 24.678155443423094 1.1001057476396547 -25.30523708226465 -4.772256844025038 25.892516262163856 -4.2978876980260345 80.50547819556343 0.0 0.0 0.0 0.0 0.0 0.0 0.0 0.0 
-43.25322975502138 89.44373784277508 -17.190177231815046 -27.556112025585104 -69.11092776887239 11.693623874731113 -67.42444224341754 -34.644981598192636 38.847937725915784 -63.79348999327589 -36.72779902727013 -49.385722311781045 -22.47168893450517 26.719236287323987 67.06814674767902 -4.021133571089167 69.20300705283194 -1.9430339887523898 -25.348501481762195 -1.9821809977363063 -22.60941110347791 61.16171260745022 0.1201781481415916 -36.86427903567991 -54.1767362451847 -56.885504455571734 1.4099480389681227 -29.915639719138735 38.494036896224216 -58.88881574764521 -6.627623679933441 -42.11112652004723 39.13024576012547 25.14388087500893 18.32288373849261 -18.060015577003092 -23.401056637995286 26.619928207640985 -13.267491015816864 -4.735546032600769 1.0245905171702552 -36.076047514259876 60.5635130946186 0.0 0.0 0.0 0.0 0.0 0.0 0.0 
85.94577660792541 -15.355865370946375 -42.175770212685514 -48.2646850140516 84.72804669014839 39.93659641660682 41.72941187951979 -21.812614049395794 14.09841434646161 -18.30323601320692 9.489980959925372 -19.78412252834832 22.459441713567028 -28.85174851608867 12.135451811014462 1.983326010003167 -34.73010049441774 67.64121859679831 -1.7250559306225504 -32.691514525622694 -42.82930471276487 37.00605680044575 4.4628355325567 53.80050600846387 -0.43427180936296245 9.006051749924175 22.860728509229546 -57.548619968432774 12.770790920739843 20.47334447118693 -15.95753244497059 4.739331622819146 1.2936790475133226 -30.962786419019547 -26.72786390322523 -12.254577645562723 10.728161626973046 35.45696301133604 30.247964923723792 26.524625312704902 10.474904805688565 -74.95614617982102 -27.504853314320375 72.65392866505655 0.0 0.0 0.0 0.0 0.0 0.0 
-81.57755082332694 -20.62977595796946 -131.9637159601048 3.4506480636558132 -37.67801082701321 -33.104332351515176 -80.82485196344483 17.865587574416217 21.930702541167243 48.569744716197256 -6.663425182209889 -29.7779056118946 -9.92895182714927 -25.859034497262716 60.44978361587449 -5.901200792392827 -18.228207394676943 40.35442767501637 -17.746453408304966 -20.032382606804624 -40.144628110350155 10.055230667128582 44.65174697060484 4.986354171691499 -19.074202139214698 -3.0735038076790264 21.85406887278495 -35.4652968002871 51.51278041099031 23.75092462799139 -11.081671081473582 -44.77477588343571 33.1686167330339 -4.940774439751024 -24.825034110894087 60.47258589786422 -26.79692104376975 -6.378225027946605 24.635401768360598 -33.68760858861601 16.94654552496808 -11.066573580496676 -17.56421755254117 -44.094846040122526 81.4915036570201 0.0 0.0 0.0 0.0 0.0 
3.8173711087780027 22.591786428369034 5.094560573201406 77.22280366081938 -0.5661425269106611 -37.96756212479702 -42.035844594114536 -3.1507632635730305 -11.617867467015012 -10.940079188242125 -45.5768025901983 26.051051049828352 -60.27655776489723 12.651437227719208 76.8284518638583 44.929861058097536 -12.21693497733737 34.46965406884462 15.378675799931324 30.584398076393963 0.9404002266065375 -11.010356189045744 -1.688527301342669 -41.70353369056655 2.2948096795134547 -16.694732095505064 -16.132053175616853 -41.16366923528919 -13.509835666028561 -37.6308067478151 5.301965969105914 18.984839204401105 2.4804026998621125 22.79673486252865 -6.718935017211331 25.529244751325766 31.98100437259015 2.9540069654231957 2.835150195778593 3.2805930200634204 16.827184917830643 14.79266243302203 51.1621502270359 -47.710465011649596 -21.53761345719582 73.56630328440932 0.0 0.0 0.0 0.0 
28.991099788037722 -26.877203827615965 2.0714349353686425 -29.40025064537128 11.798278440195013 15.58630517849659 58.75903025187565 -87.45577119225429 -27.80889809127539 -33.45635051174096 9.211986806368383 8.468943667015129 52.39066763261895 -46.633466808127416 -72.44529854074733 -36.85352090011075 -6.4090643226783595 -52.137604555391846 -13.719083029439181 0.5703004604068429 -18.54028679777253 42.992392448300045 -21.959492805549566 62.05149876790894 73.02823006110538 54.1808091813368 10.713120498845877 11.90381013616225 -4.418789315075128 -25.022404002104057 6.911416323484535 -44.792578724459496 -44.68242058629393 -0.5894634987646242 38.71283587796645 24.960030193814056 -58.73801222905766 5.547322755319843 23.39225389998601 -20.54696778386754 15.832491640207243 5.66271709890577 -18.973769047715894 11.783148445821249 11.085410230253105 -24.912333015483767 39.29188836726229 0.0 0.0 0.0 
-48.246246118687324 -75.37061140415398 19.970520298464795 14.794502548376812 -38.824115567384844 -59.42448864948145 28.586411797950014 -23.13866928574427 7.987243630674234 30.473421424504494 55.59604622418828 -0.5585094810882956 44.36911540292586 -29.863095426873244 28.620635796909863 32.82440349654821 17.592333219911374 -46.65739426196475 42.989803120600506 13.935222312293975 -38.80927117064646 37.96249395323032 44.467446276447866 -64.47311026335414 11.857458180082574 12.481674713624466 2.7250702053240152 13.271831481575045 -66.34832618750171 30.8692816989086 -26.512058440773163 9.079466946733977 -24.498079104445793 -35.31003776701637 47.31488386983398 -23.360825902828367 -5.552888974535011 -5.748282688794821 -11.077483705756762 6.575192787115855 66.96204808514753 -37.74595642953482 -9.566402105022576 28.55069574718016 17.614755500756615 -15.271349851321888 27.859095304562263 73.28963078712817 0.0 0.0 
-29.566609288196325 -55.469014216383385 -14.248949994479545 44.28287076329898 27.864356374618897 -26.628253807224628 34.68562641374792 15.488942190884842 -31.102792191467113 19.67289144510034 34.009485540762945 -47.15280694381008 1.85839286851539 -26.025502890610458 5.868766082372804 48.54808682305947 -7.631098622859771 -53.385283428371906 18.32676001414095 -26.832046490242004 -26.51426343711367 -8.539854129921862 10.101034610841628 22.32726880879323 -16.342523519387896 3.4164567562038757 -37.694051569592155 51.03806949684152 -15.081304151401724 11.823920971058593 3.9742938328545683 3.2206532357838826 -37.41486840175065 -26.142546162335556 25.56727031874326 6.693433946618144 6.318980971797459 33.258102217873464 27.46375663844729 -18.85465222556111 -25.49171253554829 -30.735963309476613 1.763288971130723 7.524245661041326 6.307089039028331 -23.336563758905598 -15.985511389483419 13.549120948153755 48.33347204386889 0.0 
31.619178353664505 -60.599897510552125 -53.41943391722099 -41.29522130038587 36.83429312140833 -40.6446963096912 18.084788631632126 -11.392953946297814 48.71512689535093 64.50532377653113 15.396077425652972 55.72462251701406 -14.072620613679288 -20.067042528157796 -30.854546305086057 -15.363010986729158 -8.040897810629277 17.009249071559115 -3.901025317839329 25.224787696763766 -8.773572861198675 18.81181823092245 -18.36768235817891 2.6391514210202605 11.841544009873715 17.318244199275334 19.70333641942537 -9.664293850484482 -22.681608413039452 23.50401408415121 24.734525535859408 16.95422740322326 2.28382642346219 -31.368681878153716 30.969334840835238 -74.34569186978128 22.856432335682783 7.920121742124312 18.704182883918012 -25.055081782275142 23.992832417025372 46.93225816094484 -24.1342756483563 -3.132769730668125 12.699407192565577 -26.54070640184924 14.313861381584127 19.819751952518317 -11.175449142042082 51.2511021029204 
