0.16635216453295415 0.06766004196067901 0.13783463355969874 0.1602219882089823 0.12443336896111323 0.21385021036838225 0.27970083274309254 -0.385373490844624 0.029307489094772106 0.10793814392351102 0.2624821489453282 0.03299124721049961 -0.07519203311436848 0.09296825448338758 -0.1688303120402043 0.10191032646770212 -0.024886235240242627 0.014397990812686263 -0.09115808256561929 -0.34135615492197846 -0.008540576305436195 -0.34093736261518476 0.05727859892070111 0.13806548213586683 0.061925871421898517 -0.19680110590915434 -0.1306455238101341 0.04283298512538602 0.1726304029219098 -0.0038075422046252136 1.4919598027302665 -0.15010400100073013 0.025986206751581434 -0.2967683382511012 0.04597431669372227 -0.003736136313238151 0.061685903704407574 0.08205205194826014 0.0271377801876955 0.19898530623274038 0.20308991497629608 -0.08135956809617165 -0.1564668486318947 0.3442109253465167 -0.2318760153071195 -0.11640078584752452 0.52550857140941 0.10569689860095312 0.043883765413830655 0.04007758008583773 
502.7663597526108 0.0 0.0 0.0 0.0 0.0 0.0 0.0 0.0 0.0 0.0 0.0 0.0 0.0 0.0 0.0 0.0 0.0 0.0 0.0 0.0 0.0 0.0 0.0 0.0 0.0 0.0 0.0 0.0 0.0 0.0 0.0 0.0 0.0 0.0 0.0 0.0 0.0 0.0 0.0 0.0 0.0 0.0 0.0 0.0 0.0 0.0 0.0 0.0 0.0 
-28.88183743430466 466.81337696722085 0.0 0.0 0.0 0.0 0.0 0.0 0.0 0.0 0.0 0.0 0.0 0.0 0.0 0.0 0.0 0.0 0.0 0.0 0.0 0.0 0.0 0.0 0.0 0.0 0.0 0.0 0.0 0.0 0.0 0.0 0.0 0.0 0.0 0.0 0.0 0.0 0.0 0.0 0.0 0.0 0.0 0.0 0.0 0.0 0.0 0.0 0.0 0.0 
9.917686552489535 -51.32608407357343 477.36286823568844 0.0 0.0 0.0 0.0 0.0 0.0 0.0 0.0 0.0 0.0 0.0 0.0 0.0 0.0 0.0 0.0 0.0 0.0 0.0 0.0 0.0 0.0 0.0 0.0 0.0 0.0 0.0 0.0 0.0 0.0 0.0 0.0 0.0 0.0 0.0 0.0 0.0 0.0 0.0 0.0 0.0 0.0 0.0 0.0 0.0 0.0 0.0 
29.05936878530807 -8.196828464007364 60.6630423164746 452.9334647941147 0.0 0.0 0.0 0.0 0.0 0.0 0.0 0.0 0.0 0.0 0.0 0.0 0.0 0.0 0.0 0.0 0.0 0.0 0.0 0.0 0.0 0.0 0.0 0.0 0.0 0.0 0.0 0.0 0.0 0.0 0.0 0.0 0.0 0.0 0.0 0.0 0.0 0.0 0.0 0.0 0.0 0.0 0.0 0.0 0.0 0.0 
23.31067088979784 43.683403902106186 -3.1717014772830847 20.65547894739401 510.6177148504723 0.0 0.0 0.0 0.0 0.0 0.0 0.0 0.0 0.0 0.0 0.0 0.0 0.0 0.0 0.0 0.0 0.0 0.0 0.0 0.0 0.0 0.0 0.0 0.0 0.0 0.0 0.0 0.0 0.0 0.0 0.0 0.0 0.0 0.0 0.0 0.0 0.0 0.0 0.0 0.0 0.0 0.0 0.0 0.0 0.0 
54.60277267201457 24.9710538156371 -35.79295707085102 -19.005375661948218 15.746419989612052 450.8817954022814 0.0 0.0 0.0 0.0 0.0 0.0 0.0 0.0 0.0 0.0 0.0 0.0 0.0 0.0 0.0 0.0 0.0 0.0 0.0 0.0 0.0 0.0 0.0 0.0 0.0 0.0 0.0 0.0 0.0 0.0 0.0 0.0 0.0 0.0 0.0 0.0 0.0 0.0 0.0 0.0 0.0 0.0 0.0 0.0 
122.15354378894492 -104.5973719145208 0.23581969110930243 76.56059346039203 73.51793700088867 93.14944874836665 621.4343169110581 0.0 0.0 0.0 0.0 0.0 0.0 0.0 0.0 0.0 0.0 0.0 0.0 0.0 0.0 0.0 0.0 0.0 0.0 0.0 0.0 0.0 0.0 0.0 0.0 0.0 0.0 0.0 0.0 0.0 0.0 0.0 0.0 0.0 0.0 0.0 0.0 0.0 0.0 0.0 0.0 0.0 0.0 0.0 
-12.202055325239913 19.736056050969466 -38.139556777179244 -20.233020654998953 -58.40450587335608 -30.91863600887758 -20.336661957371582 437.4639710381253 0.0 0.0 0.0 0.0 0.0 0.0 0.0 0.0 0.0 0.0 0.0 0.0 0.0 0.0 0.0 0.0 0.0 0.0 0.0 0.0 0.0 0.0 0.0 0.0 0.0 0.0 0.0 0.0 0.0 0.0 0.0 0.0 0.0 0.0 0.0 0.0 0.0 0.0 0.0 0.0 0.0 0.0 
58.476398674965054 -36.37132333263005 22.189719244150897 17.375517953805378 -61.436714887072235 5.617961901079805 -37.48385147459608 -30.313123089366655 441.0585549992325 0.0 0.0 0.0 0.0 0.0 0.0 0.0 0.0 0.0 0.0 0.0 0.0 0.0 0.0 0.0 0.0 0.0 0.0 0.0 0.0 0.0 0.0 0.0 0.0 0.0 0.0 0.0 0.0 0.0 0.0 0.0 0.0 0.0 0.0 0.0 0.0 0.0 0.0 0.0 0.0 0.0 
18.958309671119103 -77.80609018902103 23.595301099673183 20.604707818564076 -41.87578749833231 40.99917657729695 113.25953788928638 -57.13582115512142 -0.34985595019205007 450.7952838028291 0.0 0.0 0.0 0.0 0.0 0.0 0.0 0.0 0.0 0.0 0.0 0.0 0.0 0.0 0.0 0.0 0.0 0.0 0.0 0.0 0.0 0.0 0.0 0.0 0.0 0.0 0.0 0.0 0.0 0.0 0.0 0.0 0.0 0.0 0.0 0.0 0.0 0.0 0.0 0.0 
61.710839371405505 -77.13305063328355 -3.5993866813006643 65.01621390458912 37.45326063874209 93.20341120620137 106.38477392772914 -21.42961617382437 35.69270085862576 82.2773660531602 395.3364340858496 0.0 0.0 0.0 0.0 0.0 0.0 0.0 0.0 0.0 0.0 0.0 0.0 0.0 0.0 0.0 0.0 0.0 0.0 0.0 0.0 0.0 0.0 0.0 0.0 0.0 0.0 0.0 0.0 0.0 0.0 0.0 0.0 0.0 0.0 0.0 0.0 0.0 0.0 0.0 
30.990382657765156 7.224172956334609 -73.44201540928623 19.805202760903278 -25.036004495931635 -5.6321330252108295 -20.573875713564185 -41.95723496860206 -34.63034323248091 26.611902331592514 62.94418131539404 408.1233732435092 0.0 0.0 0.0 0.0 0.0 0.0 0.0 0.0 0.0 0.0 0.0 0.0 0.0 0.0 0.0 0.0 0.0 0.0 0.0 0.0 0.0 0.0 0.0 0.0 0.0 0.0 0.0 0.0 0.0 0.0 0.0 0.0 0.0 0.0 0.0 0.0 0.0 0.0 
45.654816327731396 -33.47276305889307 -20.694457328052355 -48.03846945119724 -57.87304514765899 7.772384291634207 62.423227981288065 -26.742427429822943 81.51116828516935 65.3177512102085 16.28365301462666 -67.61736886430279 461.3353769558289 0.0 0.0 0.0 0.0 0.0 0.0 0.0 0.0 0.0 0.0 0.0 0.0 0.0 0.0 0.0 0.0 0.0 0.0 0.0 0.0 0.0 0.0 0.0 0.0 0.0 0.0 0.0 0.0 0.0 0.0 0.0 0.0 0.0 0.0 0.0 0.0 0.0 
40.24682059191217 -31.866065309361115 48.04555913822558 32.36377443212754 -39.56780189755192 9.443137955870586 23.86865293512318 10.40115855599557 -9.305933455453378 12.189141009046178 43.52578590623866 14.664867034119398 32.38979011354288 432.84055431084766 0.0 0.0 0.0 0.0 0.0 0.0 0.0 0.0 0.0 0.0 0.0 0.0 0.0 0.0 0.0 0.0 0.0 0.0 0.0 0.0 0.0 0.0 0.0 0.0 0.0 0.0 0.0 0.0 0.0 0.0 0.0 0.0 0.0 0.0 0.0 0.0 
-49.85677678736416 43.64135208430274 -40.26845557210687 17.226512533861115 94.02046185185944 -23.389244997297123 -78.6361732187941 2.710619011682293 -20.29073721944605 53.155776818815056 -55.50263369750054 13.010717054244846 -52.94710019845959 -68.5884241379162 430.915248784162 0.0 0.0 0.0 0.0 0.0 0.0 0.0 0.0 0.0 0.0 0.0 0.0 0.0 0.0 0.0 0.0 0.0 0.0 0.0 0.0 0.0 0.0 0.0 0.0 0.0 0.0 0.0 0.0 0.0 0.0 0.0 0.0 0.0 0.0 0.0 
33.02714606051211 -5.296095604776513 62.39410775428086 20.280577332622556 -19.779266119988268 30.042042007888064 45.15729895014078 -39.75021453561744 18.636588325815442 -22.217293315139084 101.07800555923046 -0.8686030444310135 47.323555077446464 -10.308921326360792 -39.29960438691497 341.7974547762762 0.0 0.0 0.0 0.0 0.0 0.0 0.0 0.0 0.0 0.0 0.0 0.0 0.0 0.0 0.0 0.0 0.0 0.0 0.0 0.0 0.0 0.0 0.0 0.0 0.0 0.0 0.0 0.0 0.0 0.0 0.0 0.0 0.0 0.0 
18.625504467468385 57.59085249493628 -88.25200047891349 -41.790596191080866 92.74544166738869 23.460432814905115 7.942412837302166 39.228354006880316 14.488186294525487 25.399395130351163 -54.91755896508542 12.54417663243339 -121.06127795779543 -41.062812676575376 -16.495472497311525 66.1442243797726 407.8130918886873 0.0 0.0 0.0 0.0 0.0 0.0 0.0 0.0 0.0 0.0 0.0 0.0 0.0 0.0 0.0 0.0 0.0 0.0 0.0 0.0 0.0 0.0 0.0 0.0 0.0 0.0 0.0 0.0 0.0 0.0 0.0 0.0 0.0 
76.78670335977391 -25.05617803778679 41.70527729308975 42.326460154044895 -98.17339111559647 1.4679382450922696 18.47549885919544 -71.92521751271448 -20.672304615180764 -22.582234008319194 77.95429240978252 4.720638786999948 70.62452188579289 15.150821844929474 -28.60810873021638 -53.02002842674263 12.811424028298335 410.727109324222 0.0 0.0 0.0 0.0 0.0 0.0 0.0 0.0 0.0 0.0 0.0 0.0 0.0 0.0 0.0 0.0 0.0 0.0 0.0 0.0 0.0 0.0 0.0 0.0 0.0 0.0 0.0 0.0 0.0 0.0 0.0 0.0 
49.39310962512757 -81.44598003750632 -54.16594687271431 32.13924936813275 -31.464229170571762 22.163097154129375 120.90635488874133 -66.9354752798532 -13.53607369457315 -11.251016986358257 -59.95718273210274 73.34473557253558 50.09584819395621 -16.601194963044733 9.752475502909707 28.56375567171679 -45.542110159477375 11.55414951075003 451.097443719868 0.0 0.0 0.0 0.0 0.0 0.0 0.0 0.0 0.0 0.0 0.0 0.0 0.0 0.0 0.0 0.0 0.0 0.0 0.0 0.0 0.0 0.0 0.0 0.0 0.0 0.0 0.0 0.0 0.0 0.0 0.0 
-36.53715957473603 66.65493711349632 -51.3350426953301 -26.487957799838632 -88.41449888217045 -79.05054653473145 -34.297805246441285 23.436095250867464 5.032211541947922 13.147147148166995 -24.031005601994565 62.850077919321706 -17.374145256750214 -25.709524822351405 4.728823585417883 -0.5467456608019268 -20.3710868171701 -7.225333157226095 63.05102470881884 472.87600819436716 0.0 0.0 0.0 0.0 0.0 0.0 0.0 0.0 0.0 0.0 0.0 0.0 0.0 0.0 0.0 0.0 0.0 0.0 0.0 0.0 0.0 0.0 0.0 0.0 0.0 0.0 0.0 0.0 0.0 0.0 
-33.614617293810255 -9.261396753418508 60.57904834321255 5.139913814640262 -32.63863609654044 -48.41168046266161 -89.59708277143856 -33.80255159148838 30.020878242133143 24.614771429468384 -42.986038721718465 5.526345443432684 -12.678454613319518 39.201902831859464 4.203917290387494 108.27906803356024 -59.49347020478762 94.85100760560393 -37.261539110856084 -30.079713640225865 433.263361508322 0.0 0.0 0.0 0.0 0.0 0.0 0.0 0.0 0.0 0.0 0.0 0.0 0.0 0.0 0.0 0.0 0.0 0.0 0.0 0.0 0.0 0.0 0.0 0.0 0.0 0.0 0.0 0.0 0.0 
-96.73804453927602 51.17616429327843 -100.20284004462964 -57.520683081822845 -74.33536502592953 -72.59800120683181 -178.4148626019744 37.65589248799906 11.836203698454414 37.0602043422452 -36.65857461565903 13.594617688266062 -56.73189254878435 61.337772328901245 -45.180546570116626 39.48849562976883 -55.35452828102772 75.28999545521613 -1.6230241315848564 46.38968063307485 -15.76363027795792 385.6127124747523 0.0 0.0 0.0 0.0 0.0 0.0 0.0 0.0 0.0 0.0 0.0 0.0 0.0 0.0 0.0 0.0 0.0 0.0 0.0 0.0 0.0 0.0 0.0 0.0 0.0 0.0 0.0 0.0 
-32.47119332847504 12.47380613373911 15.339250946026436 -46.14419231854631 46.05008685160939 42.61642356370302 89.55974209142963 23.76769596685457 29.52420953957549 16.198374219913294 -46.30552136923505 63.3657657991479 112.46910339678847 35.295725458218485 65.38668059386681 -7.7787571428362945 0.9657190119464917 -61.077590777487295 -58.31458951012765 31.83284978455291 -54.56087757249957 38.32415725508328 400.463665201412 0.0 0.0 0.0 0.0 0.0 0.0 0.0 0.0 0.0 0.0 0.0 0.0 0.0 0.0 0.0 0.0 0.0 0.0 0.0 0.0 0.0 0.0 0.0 0.0 0.0 0.0 0.0 
44.88071773668847 -18.63378975407772 -21.275751986902414 14.669063633964818 -0.8787936834312452 19.21601854660409 45.657128158234684 -0.10115224526223221 -34.73305178202239 -36.10531302324047 16.929603284891034 -75.08927292952964 -19.76059349491658 35.48768515273056 57.10572713750202 -2.5064290647759755 8.44302978850414 51.85119998345763 87.26611439854156 23.16564000148053 7.854986088716664 -73.18141950355722 42.017513120187814 411.052094587942 0.0 0.0 0.0 0.0 0.0 0.0 0.0 0.0 0.0 0.0 0.0 0.0 0.0 0.0 0.0 0.0 0.0 0.0 0.0 0.0 0.0 0.0 0.0 0.0 0.0 0.0 
9.624917896100683 -27.565605781011957 17.12022759584119 -31.312210947162267 -87.39042462840595 55.384307682703465 25.180306110186322 42.46194294989104 4.03773722879323 28.160341145366143 -20.134208479969377 48.954002291645125 52.95032221574837 8.985116016149755 14.344560717441924 -20.955022820866287 10.586140904766761 19.42840194537243 -12.796200819718237 -13.44407696343258 -47.95345301534812 109.65322915168596 -65.82034157171769 27.794691231153653 404.3091750437218 0.0 0.0 0.0 0.0 0.0 0.0 0.0 0.0 0.0 0.0 0.0 0.0 0.0 0.0 0.0 0.0 0.0 0.0 0.0 0.0 0.0 0.0 0.0 0.0 0.0 
150.643097097837 -117.2705955425641 -24.881999441516456 111.45348076722519 12.426782125085213 41.80641462599686 309.3886103488403 -129.7196262976278 -79.75960564757364 45.116728174078204 4.859689895715988 -17.042698820843462 85.46117086615851 -34.58577652248789 25.98498755751602 -33.69019831848558 83.65941229072331 -78.6974232272166 85.73216880746438 -57.00745908520264 -43.687800209382665 -19.84521341491324 51.216664920105615 53.81180613498023 20.304316231272114 465.7697901378522 0.0 0.0 0.0 0.0 0.0 0.0 0.0 0.0 0.0 0.0 0.0 0.0 0.0 0.0 0.0 0.0 0.0 0.0 0.0 0.0 0.0 0.0 0.0 0.0 
-19.63771919428484 -20.38332476494013 46.814423026870145 2.0535822390669054 4.416328909360359 -25.832785823300583 -43.195798033503024 93.94743265513004 12.430144642860006 -24.485158009835356 -18.379732862506998 23.270319345170396 -23.868104622951332 -43.46677468663294 -30.400140932352606 18.908496096451767 50.91790682844791 -4.797803622172519 0.9298368718755148 23.199863232759256 -31.50523207185854 -18.306054542812017 -17.895651811889657 -21.364795858174762 -3.266177379130627 31.39824289567691 423.2315151538869 0.0 0.0 0.0 0.0 0.0 0.0 0.0 0.0 0.0 0.0 0.0 0.0 0.0 0.0 0.0 0.0 0.0 0.0 0.0 0.0 0.0 0.0 0.0 
70.08550664982857 49.84731918658063 -21.63787883322253 -65.93476649089891 39.60539895451798 17.594035049158276 53.324183224810135 -2.53506249915824 17.264299078414723 -41.590511999827065 -44.49798758992469 -84.4945746964569 32.19444734115557 82.4076816283108 -62.95271321521894 110.55607656526918 2.3947458405287043 0.5745743527200851 -40.02254703929158 -135.3138821829441 -117.32091205288518 -76.53588384762645 79.93177099037464 -26.946689038888632 -16.768941918226222 22.128919452576554 56.7978619137325 308.67660040561736 0.0 0.0 0.0 0.0 0.0 0.0 0.0 0.0 0.0 0.0 0.0 0.0 0.0 0.0 0.0 0.0 0.0 0.0 0.0 0.0 0.0 0.0 
79.09176667182372 -37.67174453468434 73.26676388024867 7.431865052305686 31.402178476073086 84.24945202628103 50.58289071014378 2.7336038380872902 48.94856424755434 86.8808279061865 -37.84231708472172 -24.322980779498177 23.80776991189707 25.23672325952357 -0.7081626945007587 82.09384686626866 -13.430229664689838 -23.924196326456563 -53.30375285385003 -109.08925255118334 -56.51199398595227 -38.34633543256598 -16.764339305431857 8.873536263011506 28.596415434972698 25.929813693946627 20.69940758858999 86.57460555882813 412.60508845036594 0.0 0.0 0.0 0.0 0.0 0.0 0.0 0.0 0.0 0.0 0.0 0.0 0.0 0.0 0.0 0.0 0.0 0.0 0.0 0.0 0.0 
62.55843479878103 -8.377201881825329 -23.851261498993594 -29.808554678617433 -7.896459176721683 -9.483351112332963 137.16608066211697 2.940049308633988 24.20554645683609 -4.325219333934695 111.41838298329537 1.1529671441334484 -21.246732870575865 -33.02392461111098 72.65974618630193 36.38497461462185 39.35413492673417 -4.611489314956738 -7.433982342177098 -50.58842531498044 42.648502834924734 16.325553371853655 -34.52231443536212 -29.001267072835926 8.72172479027644 20.713073855372134 -11.277525648816875 -111.39026352817756 72.8061333999963 391.17120781928463 0.0 0.0 0.0 0.0 0.0 0.0 0.0 0.0 0.0 0.0 0.0 0.0 0.0 0.0 0.0 0.0 0.0 0.0 0.0 0.0 
-28.236316712344653 163.70676717447125 43.2166096730363 -47.80143677464029 153.37145330423155 -30.616532253355654 -341.04306929134674 3.8398943774484464 53.579260192467416 36.41959794126457 53.06508738629641 -215.67086632696157 -10.102373293737555 64.4829586618825 -79.1622269519713 25.206946205890056 -72.12470934885815 -45.600889792796636 -111.56439656037713 -189.07184890132544 142.72947105107957 13.376354881642916 64.56190400574233 -60.759604048161314 28.73231524012019 -437.5386618745421 79.28385032324061 -85.36615630889953 168.76781301600528 50.89934547712545 528.7513238454643 0.0 0.0 0.0 0.0 0.0 0.0 0.0 0.0 0.0 0.0 0.0 0.0 0.0 0.0 0.0 0.0 0.0 0.0 0.0 
-35.914007016396496 19.838127537734934 56.52040289298242 -76.37452846020051 -30.202580366472453 -17.735497438318404 -8.98217930182971 78.32010219437744 59.55589125356215 13.81389679235878 15.460565040628909 -44.19120669886348 -41.36658566393094 4.403791968582511 4.950851371612226 -14.969043783304379 -44.842254461516504 -30.970768642736367 -44.82915058103007 -0.535756520457407 -38.710758464933946 6.291720020969402 2.4941097171248146 -9.567231773566602 -44.0613301275998 -6.509891668142241 66.30057440576215 -51.106010030558366 20.757682637036382 -62.48305997106077 10.066540129085944 409.20118039780925 0.0 0.0 0.0 0.0 0.0 0.0 0.0 0.0 0.0 0.0 0.0 0.0 0.0 0.0 0.0 0.0 0.0 0.0 
-46.727019986334014 0.3700707385678865 59.191670870431466 -29.278417828422874 19.830823292536746 32.89086785348828 -13.654220635300566 53.26514544888765 6.964991079487335 30.496755275654635 -27.933543669408547 14.014203307614505 21.096870323054763 -37.529264922957346 -68.11635388136217 61.447208991519325 -67.11342164150719 -35.15314623035553 -72.40617867064164 29.612414286019522 60.65059128074791 -40.32826322224722 -11.254055646536221 34.41928762199646 7.663293103702596 110.77090016864906 -16.31841320981463 119.91365260052908 -73.27727547274627 15.37270885627844 128.94274037830368 67.19605962501551 332.3944049935146 0.0 0.0 0.0 0.0 0.0 0.0 0.0 0.0 0.0 0.0 0.0 0.0 0.0 0.0 0.0 0.0 0.0 
-64.84855896214829 -47.60592798022417 38.13405817327349 -7.969447363344367 -16.90046059172502 -42.35022058461775 -26.12844754255191 75.98233815266582 -29.94358367867431 -46.73866161928552 -93.72117908251847 39.86586183861529 -17.73593550210414 11.185215208530279 37.25441691212992 8.162179137117988 -3.2056773250674175 18.685725288010644 -5.7962579194031925 40.521036384495126 -54.138304656405055 -131.50072402057455 1.4002031164472148 -9.059462773164727 -17.253998772927357 84.75400743810988 -2.338631759403379 102.01058489932257 -36.98428639665567 -5.028270696868262 81.46012274256859 84.14332193229221 -79.64742018651974 420.60866996254987 0.0 0.0 0.0 0.0 0.0 0.0 0.0 0.0 0.0 0.0 0.0 0.0 0.0 0.0 0.0 0.0 
-14.517693269376926 16.18156870469145 42.547690196168624 -8.797817540606223 40.38335598322338 16.39276755292513 -31.61857246919984 36.57056997091897 -43.68259166333742 40.459312659363626 4.465437781730911 18.810911263915084 17.794228684699497 -82.57376384539438 -63.07831297624973 32.87901102557947 -60.503758739526305 34.428369752402276 -48.64007131443136 -91.23364834101865 -28.937721993966495 -21.329859340330053 7.737713222175448 66.61642871828825 -25.434600763576018 24.97614619589024 8.723014029683615 -87.90050089902842 -2.1617968191898855 -17.32304562902882 20.276931266146025 -87.98241335582297 -11.883071434676529 37.769252646650926 334.2528740857394 0.0 0.0 0.0 0.0 0.0 0.0 0.0 0.0 0.0 0.0 0.0 0.0 0.0 0.0 0.0 
39.923203271919384 -43.70661371884003 -2.4175754509836898 -23.545378366850464 -49.6169564168104 -0.26489468417292494 3.463025211633883 -6.489910089589137 17.710385815290632 -28.33465127736711 -37.469292814057525 45.54162011048246 79.06473645862066 78.81955667332005 64.24800489557197 -33.58704501034268 13.170490658962784 82.65902498183499 55.551956119496104 10.867817077698987 -28.96350275825399 31.920605671197603 -41.30120119232673 -39.36322057973054 -32.688196193594585 31.388948470557168 3.489355869984827 -3.4209407640076503 103.19701915142002 -98.52241738385882 105.51760194927856 -18.470603185356808 -5.258471435409311 -120.99243363671265 54.503477466058335 286.17550789957903 0.0 0.0 0.0 0.0 0.0 0.0 0.0 0.0 0.0 0.0 0.0 0.0 0.0 0.0 
-27.8150042737597 -7.17042526201136 42.05276299416236 -29.945481851781903 -16.640492719978145 -11.00745518686796 82.4289172874664 28.49931991576413 9.463239635536157 -24.813731757183778 28.35057263126093 -15.077913047130345 -34.15455986057671 26.395954164480816 81.4000230104821 10.20719236232168 -52.308260633927674 11.987960727637573 -60.11929179673563 -21.93351027962395 -23.913270570357643 -11.13110651827128 -90.90496525100431 34.315668894265364 -5.695833156136977 39.41217503125594 13.233616414066475 12.031738816074977 -64.88328472441596 -109.55820912672533 67.52703852971587 -108.85014988192233 -81.6565045580578 -17.44553748240938 44.75731662374658 17.450616187059 289.40890817421433 0.0 0.0 0.0 0.0 0.0 0.0 0.0 0.0 0.0 0.0 0.0 0.0 0.0 
-17.415707493042273 -3.03185482749509 -2.0123646308151635 -2.9476241970737544 18.657496677437113 16.184523564051958 -54.735836635556396 -1.1263319476653457 -15.07607724646815 26.963878831160127 -3.978657332153438 -63.675468362622475 -78.67086467620899 3.8953746492764565 -10.52656080721962 -10.227884814203504 40.96461977439379 22.53064357332292 36.40575429653644 -43.19581724282508 29.748693457259368 -35.752633721611055 55.837469242395244 -111.2620456775628 104.05869925330539 -22.47226197224197 10.814974334843637 -44.209564453312744 -38.412199621187746 -27.914337639727332 -51.18215361858681 -20.611339147386683 63.33224817123056 9.027606940550598 60.63192810675673 89.7358554831803 28.46863638650539 321.4743679065026 0.0 0.0 0.0 0.0 0.0 0.0 0.0 0.0 0.0 0.0 0.0 0.0 
-63.72287342925504 33.51998117680667 13.163001618628297 -24.407373899493532 -14.520802110321979 9.48674704830387 -58.8077548269547 35.64851128652202 12.97142895202057 29.877345051543028 55.430981954303505 47.072768049874306 -26.46349701071551 -76.84554833930304 17.470127338195038 16.56714148802311 39.60550785034551 38.19883094547498 -12.753517940539915 37.30426693165571 10.68868387048835 1.9557070189166497 21.047364184581493 -98.34449878464567 -86.19145313967303 53.830261949071954 -42.58495850548461 41.25849814778127 -88.96813334907499 16.65206640119481 -7.611963201821237 -40.69070535508731 -38.39105943529483 13.92535733315696 -75.21549401186155 -12.002926228008242 -96.90209333238984 67.33202698265866 384.72813228379505 0.0 0.0 0.0 0.0 0.0 0.0 0.0 0.0 0.0 0.0 0.0 
111.14240714670282 12.643010291873724 -26.23081298965664 27.26101699162436 22.951324470559022 12.471954392501482 141.30412546940784 -42.74822637449357 -12.698860662973095 -37.25010447703889 101.71469098858744 -44.44457221583776 -64.02946614219098 -7.060196960980687 -44.73872393970415 -28.2228174216832 43.82404004039658 -12.760316528956547 14.686463437140569 -16.321133039101323 78.87462106013037 -42.496262447003986 20.362173677818166 47.737092847943785 118.61256567119254 25.379861545989055 46.698072237045814 -4.562143453486 115.17362727937108 -28.038411953600317 -105.26919115766134 -72.08053329021261 24.594913872484298 28.435525165896323 38.59940788093625 -23.018038453724518 110.10085009425492 -95.00961669808362 101.37335014765121 271.67433311760436 0.0 0.0 0.0 0.0 0.0 0.0 0.0 0.0 0.0 0.0 
13.649741714186973 -5.4612636937191175 76.92215198908677 36.56424482886056 16.384360013806795 17.698232499164547 77.60131040533904 -59.39741423572671 -32.73311967128947 9.542577721364886 73.27067400589202 76.60212053181986 -14.735323146631595 -33.566070020837465 -11.711117307563548 -66.70763201665281 -6.33246759987597 -22.088452499285438 10.805609068659082 -39.27791982230187 50.19901188635753 48.25008018702123 -2.2479913362773924 157.47062697135158 -32.05187401555196 33.361354036679906 -33.66117224629288 103.79221287340886 -15.796478556224455 -14.22555819803062 -35.84203761718581 -72.38762453056162 -83.96888278507093 42.10919847729288 -115.50856416255918 147.12261705322828 60.82066586488189 102.06515800275872 -43.825644825720275 -32.91460559899704 202.91821284832065 0.0 0.0 0.0 0.0 0.0 0.0 0.0 0.0 0.0 
-61.41868547990681 -22.34708222763229 51.466121785552424 -21.33874386153942 13.837070893129956 2.8211267001389144 -17.334619506503323 44.09073202686482 -15.334821752547166 2.9693480907495706 -25.45010376125837 56.14847770371655 18.459475437885608 19.392590565085413 46.51306376000169 49.50640478384844 36.790272401681726 -62.0877657988876 -79.35967456513748 -34.753297848562944 -19.30102639385613 67.28157852480552 -47.45022640858806 67.65594162606868 -31.653433372461745 -106.3158554530677 1.420654324071677 66.75354479496343 -59.12771984825982 60.84071544759857 -36.92486947122512 19.670224255851327 16.371251689623335 -10.352493239576226 42.323560587734136 91.27496100190736 12.262410897749193 16.67101020739719 37.739976787249745 165.81318729323144 -7.696924439043684 230.9991366236908 0.0 0.0 0.0 0.0 0.0 0.0 0.0 0.0 
-19.714932167827012 46.3436093082136 -13.423051752606264 -49.625705382227785 -71.14184854994298 -84.35951448650995 -66.0017587120159 -28.526735511085402 27.038874393105086 -68.84341911752 -1.6955007314400323 -56.77945348220423 16.372429373647137 26.05129756818984 63.95240349569357 -23.572334435208013 26.241939627352924 -78.03426442953926 -26.618380663224457 20.319768738268337 65.34364981871164 150.26295828220734 -30.388372247443122 -63.33929448717095 -77.90802108306042 -113.01928820639799 5.646065704157238 38.31714001756771 87.27558286913691 -68.60605657485881 -10.889573768742576 10.96315336988917 152.70088094396843 107.35355434993788 101.28243297501942 -100.34210420049362 -85.8413026141925 61.3048659362362 -10.678245943532703 -74.81209779908404 4.334434173805199 -130.53654146987205 172.4002969780441 0.0 0.0 0.0 0.0 0.0 0.0 0.0 
79.91618631159419 -81.08351812995596 -19.300253434231625 43.50340685918514 10.564213732598375 41.09222228487185 145.18008481465745 -91.4256146788656 20.09803354150448 30.95704842350439 -46.24730083911944 5.405811134787249 63.959044482048355 -7.009544897479275 -4.8407853288645315 35.94338348796575 -34.229752957946005 -14.002807458491631 -10.503730165423939 -78.12325211354597 -43.74022333110352 -24.2606643940003 -49.18273449066519 87.8372571020356 -15.122431328792048 39.58979324398648 30.07717571789551 -122.63917471399198 38.917311287227285 6.89515029481793 3.6271480513860888 -32.498735559451276 78.57983454117884 -24.473011516807126 -56.315220096941204 -3.1737632153465616 19.739869189595574 71.01684388511379 29.317417079931623 84.8453769511041 0.9068929864109725 -220.5981127676563 -185.45451507636056 187.19429344751288 0.0 0.0 0.0 0.0 0.0 0.0 
-18.41224927287229 1.3645340519565239 -74.60039552282129 -8.193826043282012 -102.08003788565574 -47.38608753426992 -103.46110061996669 22.03530933778146 6.8171094826107685 20.677431711180162 -22.92068671442302 9.25436604660497 28.380029418016292 35.37494071992489 29.75707394331451 54.704942813190186 -33.56255569559119 68.88878729617797 28.265376915119468 22.316336924693687 -62.614872407029516 32.51780659709662 48.69639024316512 -111.1092000912661 -9.371620678575288 -79.83609859100716 -20.981126223748753 -89.26452486983938 -13.302124108996159 -54.32459229321653 -115.48139324058081 -11.208667441454585 100.53767487712018 86.98548628772762 -81.52342524032224 162.8072935984706 21.621954223172693 -135.68052616126997 87.30399830578996 -186.64453909381024 -24.363151334674587 0.8555190357247904 37.709943724927015 -98.73360657235418 251.54563402552242 0.0 0.0 0.0 0.0 0.0 
-84.68518618126342 -2.5723352503669 -5.228922390234361 15.378342521640505 -32.1607377886414 -23.262009141116565 -112.89468044123359 -27.03572961987823 -4.239896790633876 -2.9233596834257907 -68.26935446105416 -6.044165536943259 37.750359924972194 39.17349008235552 -0.8082845821323786 71.69434283741117 -59.875049559399905 40.13916594694153 -67.36583748898789 19.97351670224886 -35.14076074519115 -0.24221202796450853 22.93156673766963 34.569667388900164 2.6857120074422443 -25.323885611691757 -29.053301331954717 -57.71203542955145 0.4476666252309221 22.06447943952371 38.30622457363803 7.427737146496714 -51.4696355602047 -37.0163653514373 -41.105718028510445 24.544466286126898 16.48304401505706 51.80288065234476 77.6457048046654 -8.344437270097567 124.40609902487347 -29.80518715402831 221.10596066383812 -114.48784151760096 -75.83794968174843 233.59686559973255 0.0 0.0 0.0 0.0 
38.539362937815156 -55.71829454437409 35.38580180903348 10.546751676948398 -18.894297229815436 88.95389413644905 249.87968045398907 -104.96803045345347 -9.928615713696635 7.0479808299988065 31.41477505991354 -30.35604477461247 -28.889766581021103 34.93313000493611 -17.503277252022414 -7.445091231898271 -76.31640646336527 -86.32908794693023 -64.73046093963721 -51.86712187984076 -37.55733501968511 -55.18199637098547 -29.8478629390453 91.55550070659015 168.38771624321015 112.67329935972376 11.988818168699346 -19.894605596454873 8.707752361680495 -79.41560183490171 24.46786273738637 -76.13816597032518 -61.34092162311455 -35.22334637948015 83.78769800658498 35.786064105731555 -210.67048247436813 31.279013979915604 39.99847336008145 -61.75199306625494 58.547312679979136 49.54965629166695 -94.52402906507844 25.76092519548675 33.20647818051574 -33.268553814079134 119.54095658668278 0.0 0.0 0.0 
15.298044154265748 -103.14352514062972 -5.37814677225759 24.21949641375759 16.71487458336251 44.547443212875315 105.40109473191889 -38.58856996208053 -5.911085002218522 50.11279178569302 73.74364029560701 26.69503314292249 0.9368420396182054 -44.165172795619405 39.925394378183206 -71.20105503186547 0.9859480908568006 -84.1832450288633 70.39065828658424 39.206923526918466 67.83290940949597 3.4615660499062586 -1.6055500691148503 -50.4341521541193 4.519471331466613 4.461724764400476 1.8170001634336994 -9.574287258035753 18.51957599418382 85.08457999755352 18.838030203405197 76.23875673264232 -60.282451936049306 -67.75651159440547 115.04627632539737 -37.57029031260082 -25.296851971467536 -3.929071282794072 -18.40023253699561 25.043270385337514 251.03170699213555 -124.19045384666718 -21.96674126369746 70.61693512671037 112.9829230324113 4.832789022494447 91.13921131228423 207.93439302735558 0.0 0.0 
2.3850391366017067 -47.409591990308996 11.830633292097703 37.333821336549526 19.98231177532798 -55.89110566698536 37.29029857810021 -33.66018160097496 7.298179785153568 4.478497662640102 -38.794353186049904 18.99158587246625 -42.595350917899566 -45.94843865114999 -11.9655843597583 -37.87327230449938 35.857405977479246 -72.60023223330388 0.6273322698833523 -10.114874002868746 13.56933048069248 -30.864353881000945 -56.333210166855096 84.30727091348118 41.39246603238049 -68.88119329247588 -2.633570433468165 99.61101937193868 -6.946689249696153 82.60438481652612 -28.993116115292953 82.59534209377567 -69.09039929842628 -13.817843531299923 121.78042263446477 31.06603235501277 40.050274350031785 25.29332385553414 133.58022392438738 -111.9647155736605 -133.74993520172418 -108.75336151649772 33.13831053422059 34.38485028289968 42.176478127268716 -84.83125967338847 -78.30781923169712 5.9121408954292 105.79600922960823 0.0 
-57.30348659248151 -29.639524963584137 -1.1384689219310629 26.864420999472422 -26.172957224670263 -33.64707183065787 -20.3964699839142 -30.619416524642933 -8.225400644107236 -0.7488496906982349 0.5718340955107076 121.89300444512297 -31.254126588487118 -13.208785662105445 19.799767440759346 -36.31218442957634 -33.7377290207845 46.24698270400004 -3.6676572742602906 31.82855870819726 -27.51077205354394 28.783155697093306 -23.410067296496507 33.50460510063757 -37.263265652261296 20.0297604331972 -24.08579844132123 -54.02542268268555 4.3686899367413625 65.33112102277913 -20.454898136636945 3.7007904253327313 59.7580388201544 -55.117483000108976 -5.548883927003429 -170.17934006300075 116.6813744569357 96.39299458735066 62.08805045733206 -44.7246835106854 71.76701039037746 178.69347186772472 -40.13648316900147 -74.53596314689946 68.9164080008012 -107.72433741358306 59.042674353074226 31.083810412965715 -20.447864646716322 110.35632959983485 
