0.3211308759896944 0.08739225827687812 0.08362055843198651 -0.09818736497354263 0.3453325169553985 0.2882952822616291 0.0499784739940832 -0.27954613975912307 0.10398970700472872 0.14418054279145867 0.13966272963311818 -0.010030877262138693 -0.03681854419280355 -0.05557433386522818 0.22453607901709866 0.16790377732597397 0.021610689685276532 -0.22774845250170433 0.04716366160727796 -0.5044346544578264 0.11200638218407999 -0.21395640236064156 0.0838434755414167 -0.07451993242706496 0.18080680997007306 -0.9270911902675495 -0.3551971510136379 -0.06530931237088636 0.26221844324327637 0.1966046352583245 2.734543265437262 -0.03445375734650737 -0.1285577853569871 -0.6494159606072673 0.08591979273862346 -0.04394811799027956 0.06880011779949081 0.16295680533567544 -0.27870182170258706 -0.12427801460255605 -0.08257198947643882 -0.12081659321724529 0.07474871757601248 0.279969209004551 -0.21849459245058167 -0.06419410887526543 0.20591768320290713 0.44708285579960244 0.06079842133153837 0.07211104431613144 
405.52077640655824 0.0 0.0 0.0 0.0 0.0 0.0 0.0 0.0 0.0 0.0 0.0 0.0 0.0 0.0 0.0 0.0 0.0 0.0 0.0 0.0 0.0 0.0 0.0 0.0 0.0 0.0 0.0 0.0 0.0 0.0 0.0 0.0 0.0 0.0 0.0 0.0 0.0 0.0 0.0 0.0 0.0 0.0 0.0 0.0 0.0 0.0 0.0 0.0 0.0 
-71.6404967617378 406.642859427527 0.0 0.0 0.0 0.0 0.0 0.0 0.0 0.0 0.0 0.0 0.0 0.0 0.0 0.0 0.0 0.0 0.0 0.0 0.0 0.0 0.0 0.0 0.0 0.0 0.0 0.0 0.0 0.0 0.0 0.0 0.0 0.0 0.0 0.0 0.0 0.0 0.0 0.0 0.0 0.0 0.0 0.0 0.0 0.0 0.0 0.0 0.0 0.0 
10.08840963708084 -110.61722747073009 488.2576045136764 0.0 0.0 0.0 0.0 0.0 0.0 0.0 0.0 0.0 0.0 0.0 0.0 0.0 0.0 0.0 0.0 0.0 0.0 0.0 0.0 0.0 0.0 0.0 0.0 0.0 0.0 0.0 0.0 0.0 0.0 0.0 0.0 0.0 0.0 0.0 0.0 0.0 0.0 0.0 0.0 0.0 0.0 0.0 0.0 0.0 0.0 0.0 
61.87746172246291 40.98791157735952 -21.3926789783746 347.2056503122754 0.0 0.0 0.0 0.0 0.0 0.0 0.0 0.0 0.0 0.0 0.0 0.0 0.0 0.0 0.0 0.0 0.0 0.0 0.0 0.0 0.0 0.0 0.0 0.0 0.0 0.0 0.0 0.0 0.0 0.0 0.0 0.0 0.0 0.0 0.0 0.0 0.0 0.0 0.0 0.0 0.0 0.0 0.0 0.0 0.0 0.0 
-60.47970643154729 128.98338146143806 59.55494454077994 -16.320609989631073 420.6118923834147 0.0 0.0 0.0 0.0 0.0 0.0 0.0 0.0 0.0 0.0 0.0 0.0 0.0 0.0 0.0 0.0 0.0 0.0 0.0 0.0 0.0 0.0 0.0 0.0 0.0 0.0 0.0 0.0 0.0 0.0 0.0 0.0 0.0 0.0 0.0 0.0 0.0 0.0 0.0 0.0 0.0 0.0 0.0 0.0 0.0 
50.351119112978495 69.67690660475535 -74.72839323686804 28.75400557256316 -27.436830394600843 335.797151845774 0.0 0.0 0.0 0.0 0.0 0.0 0.0 0.0 0.0 0.0 0.0 0.0 0.0 0.0 0.0 0.0 0.0 0.0 0.0 0.0 0.0 0.0 0.0 0.0 0.0 0.0 0.0 0.0 0.0 0.0 0.0 0.0 0.0 0.0 0.0 0.0 0.0 0.0 0.0 0.0 0.0 0.0 0.0 0.0 
12.21023805708713 -17.10535661485639 -81.88369349701108 -12.004184090070403 111.14529509064785 160.48672618914165 463.30442073892624 0.0 0.0 0.0 0.0 0.0 0.0 0.0 0.0 0.0 0.0 0.0 0.0 0.0 0.0 0.0 0.0 0.0 0.0 0.0 0.0 0.0 0.0 0.0 0.0 0.0 0.0 0.0 0.0 0.0 0.0 0.0 0.0 0.0 0.0 0.0 0.0 0.0 0.0 0.0 0.0 0.0 0.0 0.0 
66.25545743172964 -56.72520323751023 -56.895591494602385 -35.22106631966542 8.082455683253597 -82.02488421119041 -18.49356848158689 447.2069085000737 0.0 0.0 0.0 0.0 0.0 0.0 0.0 0.0 0.0 0.0 0.0 0.0 0.0 0.0 0.0 0.0 0.0 0.0 0.0 0.0 0.0 0.0 0.0 0.0 0.0 0.0 0.0 0.0 0.0 0.0 0.0 0.0 0.0 0.0 0.0 0.0 0.0 0.0 0.0 0.0 0.0 0.0 
84.52965707608935 -67.91750223444876 150.02369970405144 97.899871156544 -63.78627799191157 -8.973256842991699 101.70947860445492 -29.477057452473716 367.16014681068697 0.0 0.0 0.0 0.0 0.0 0.0 0.0 0.0 0.0 0.0 0.0 0.0 0.0 0.0 0.0 0.0 0.0 0.0 0.0 0.0 0.0 0.0 0.0 0.0 0.0 0.0 0.0 0.0 0.0 0.0 0.0 0.0 0.0 0.0 0.0 0.0 0.0 0.0 0.0 0.0 0.0 
-64.22713428119302 5.1544246057832295 14.586883867043225 -10.931482550746258 -6.2847104974580486 69.42061851049746 95.33813433304812 -49.65167315583017 35.52157828644231 352.25450717994306 0.0 0.0 0.0 0.0 0.0 0.0 0.0 0.0 0.0 0.0 0.0 0.0 0.0 0.0 0.0 0.0 0.0 0.0 0.0 0.0 0.0 0.0 0.0 0.0 0.0 0.0 0.0 0.0 0.0 0.0 0.0 0.0 0.0 0.0 0.0 0.0 0.0 0.0 0.0 0.0 
-54.68586759380355 -88.30774383859335 80.07023056415117 25.241676671563198 36.01299271643537 53.75721549573461 69.33752420068619 -20.26040121448678 94.37483953199711 33.73241789541225 332.2091545508806 0.0 0.0 0.0 0.0 0.0 0.0 0.0 0.0 0.0 0.0 0.0 0.0 0.0 0.0 0.0 0.0 0.0 0.0 0.0 0.0 0.0 0.0 0.0 0.0 0.0 0.0 0.0 0.0 0.0 0.0 0.0 0.0 0.0 0.0 0.0 0.0 0.0 0.0 0.0 
36.896272469831274 17.04644684634898 -152.3327590584952 -15.47234439356182 -32.34916082996964 -55.44486956136744 8.05193811375414 -7.070118330103109 -16.69740468767889 -4.046076426586404 55.84032347721926 327.7557774151776 0.0 0.0 0.0 0.0 0.0 0.0 0.0 0.0 0.0 0.0 0.0 0.0 0.0 0.0 0.0 0.0 0.0 0.0 0.0 0.0 0.0 0.0 0.0 0.0 0.0 0.0 0.0 0.0 0.0 0.0 0.0 0.0 0.0 0.0 0.0 0.0 0.0 0.0 
-17.799585316114342 36.41000158339503 88.42757319230981 -62.28945672233843 43.55229173766886 64.12370375275967 28.322230455490853 -101.1973961522318 88.63671280810549 64.23462493651574 69.77576823120614 -62.654537288645386 393.0404790658233 0.0 0.0 0.0 0.0 0.0 0.0 0.0 0.0 0.0 0.0 0.0 0.0 0.0 0.0 0.0 0.0 0.0 0.0 0.0 0.0 0.0 0.0 0.0 0.0 0.0 0.0 0.0 0.0 0.0 0.0 0.0 0.0 0.0 0.0 0.0 0.0 0.0 
21.661313842893865 -17.11221777392402 -45.09131251118307 66.75590664783255 12.06617321369017 -51.12702890286065 -65.84674128777331 -41.473624965329016 -50.769593286022925 -30.91881588853303 -61.319937203780825 8.673496479636626 -30.854443952504162 304.4218688547501 0.0 0.0 0.0 0.0 0.0 0.0 0.0 0.0 0.0 0.0 0.0 0.0 0.0 0.0 0.0 0.0 0.0 0.0 0.0 0.0 0.0 0.0 0.0 0.0 0.0 0.0 0.0 0.0 0.0 0.0 0.0 0.0 0.0 0.0 0.0 0.0 
-34.547550326989274 35.819078749978715 96.0523316740605 7.315021934757298 -9.371573582221863 6.111523152325622 -118.50048448164587 123.10783420008478 -32.257453873155065 -31.038633170120484 -94.85841901488664 -8.804268146314604 -42.99179311543469 -112.50759135138529 390.78808410930185 0.0 0.0 0.0 0.0 0.0 0.0 0.0 0.0 0.0 0.0 0.0 0.0 0.0 0.0 0.0 0.0 0.0 0.0 0.0 0.0 0.0 0.0 0.0 0.0 0.0 0.0 0.0 0.0 0.0 0.0 0.0 0.0 0.0 0.0 0.0 
23.42568080652744 -72.37236833894806 32.64493331309346 -43.52563449829092 -17.190255599398295 -41.119155702623345 82.35138948962431 5.851639068401153 -33.25674242957149 19.740519175899767 149.89683231069668 55.42947794088406 -15.772964841682183 14.661732282052675 6.47126221500496 286.45234543945276 0.0 0.0 0.0 0.0 0.0 0.0 0.0 0.0 0.0 0.0 0.0 0.0 0.0 0.0 0.0 0.0 0.0 0.0 0.0 0.0 0.0 0.0 0.0 0.0 0.0 0.0 0.0 0.0 0.0 0.0 0.0 0.0 0.0 0.0 
54.88973554932961 27.777750446713235 -60.971075327249636 -46.416177497675584 52.001763498495 1.7941996091514856 81.46071888258598 30.098014280314057 7.605395273673097 64.1453382303139 -17.46525607397207 10.399003299959507 -74.36307101140989 63.52494966769991 -70.29642331094067 71.68927958488794 352.87957866788 0.0 0.0 0.0 0.0 0.0 0.0 0.0 0.0 0.0 0.0 0.0 0.0 0.0 0.0 0.0 0.0 0.0 0.0 0.0 0.0 0.0 0.0 0.0 0.0 0.0 0.0 0.0 0.0 0.0 0.0 0.0 0.0 0.0 
45.58246389709763 28.037852232191167 -13.159427554976583 19.536494803710408 30.8957986622342 14.307086827974485 4.668918328429012 -97.95046195000045 23.268810619961954 6.277203285129691 71.44727035228324 -9.794223875295849 32.315892960240134 36.26909277303379 -22.513337911820805 -42.85448345624274 117.94527720954444 321.20610241344787 0.0 0.0 0.0 0.0 0.0 0.0 0.0 0.0 0.0 0.0 0.0 0.0 0.0 0.0 0.0 0.0 0.0 0.0 0.0 0.0 0.0 0.0 0.0 0.0 0.0 0.0 0.0 0.0 0.0 0.0 0.0 0.0 
47.06483494438025 -71.99053820935708 -147.617457888146 -4.4843273704623074 -17.881037684498665 -40.33844322009657 133.49956264520983 -70.07326414599511 54.19797709900862 -0.6748256385236799 23.56633490903324 172.82817269290157 43.607026998988765 22.321399593460793 -74.45957458321244 89.43985193028813 -3.6378038400075354 -17.43573572910601 347.8763126512744 0.0 0.0 0.0 0.0 0.0 0.0 0.0 0.0 0.0 0.0 0.0 0.0 0.0 0.0 0.0 0.0 0.0 0.0 0.0 0.0 0.0 0.0 0.0 0.0 0.0 0.0 0.0 0.0 0.0 0.0 0.0 
-17.427934257155965 46.88387741119773 -58.348592511549356 -7.506014743745809 -24.258316185187976 -25.331658805082572 -55.09190182706149 22.741835460554547 -8.506317320926602 -28.647582036886217 45.459315324001075 -35.54716384995313 -89.38874226488808 -45.814850447258316 5.701853440923559 -22.712541457562182 -32.748154282595 12.387868471093633 11.29369377442124 297.998896345979 0.0 0.0 0.0 0.0 0.0 0.0 0.0 0.0 0.0 0.0 0.0 0.0 0.0 0.0 0.0 0.0 0.0 0.0 0.0 0.0 0.0 0.0 0.0 0.0 0.0 0.0 0.0 0.0 0.0 0.0 
8.487306725522929 -59.50935098963894 54.311400916431275 53.91976054625479 -117.55281671750448 -73.42664100531161 -49.575611174572025 -40.914980686715836 80.9128773312649 -5.233684363082989 -56.360166076917 11.545138879794992 47.46878512921944 -2.157333083215698 40.080316207400315 -25.707008861662235 -43.28643815414927 -11.486609116553945 12.99961050852702 -12.526537430523808 334.0072011360977 0.0 0.0 0.0 0.0 0.0 0.0 0.0 0.0 0.0 0.0 0.0 0.0 0.0 0.0 0.0 0.0 0.0 0.0 0.0 0.0 0.0 0.0 0.0 0.0 0.0 0.0 0.0 0.0 0.0 
31.591468160733825 44.280583266561045 -162.58356440288765 -26.899949548352858 47.44566102530401 -133.34620929569988 -87.33666647837852 73.73554940409329 -16.818753807825264 42.91460460534878 -97.24897700091924 7.263499358030627 -107.24784493275861 -8.564795246502928 -48.6857672619325 -13.752551382969337 -78.28784012473972 49.06928994005483 79.25381024425184 8.477364553398086 -59.47592112029306 287.2233650488416 0.0 0.0 0.0 0.0 0.0 0.0 0.0 0.0 0.0 0.0 0.0 0.0 0.0 0.0 0.0 0.0 0.0 0.0 0.0 0.0 0.0 0.0 0.0 0.0 0.0 0.0 0.0 0.0 
20.70369869699005 -40.72792903418648 72.13876727001434 -14.805958876994875 23.35545104114652 31.73753565492599 -74.76253231200263 54.81460506997767 -20.433692597765138 -24.549063850590773 24.115523447809917 -0.059013947286781526 77.88551985775992 -31.23982992327795 115.281028580632 -90.89125102042368 -50.9676424054432 -49.783260600056245 -43.60704842735647 -6.360923397856774 -24.009350321403705 86.28178071561965 306.01977885255474 0.0 0.0 0.0 0.0 0.0 0.0 0.0 0.0 0.0 0.0 0.0 0.0 0.0 0.0 0.0 0.0 0.0 0.0 0.0 0.0 0.0 0.0 0.0 0.0 0.0 0.0 0.0 
31.834841155325066 31.90846629618516 -32.55496641912229 42.578463509623255 48.93553613404284 23.314648607827547 -49.810294429917576 -12.467521889334785 -53.7286162943144 -20.96123005536408 19.36316316935007 49.60471131935762 65.44007055104282 81.39139973970474 48.81688034093088 -13.74696876231148 60.976649773978515 8.114994086220744 12.928289800298566 26.99405952343291 -84.05741400493051 2.7972174910582073 89.03056159516638 301.75128614058724 0.0 0.0 0.0 0.0 0.0 0.0 0.0 0.0 0.0 0.0 0.0 0.0 0.0 0.0 0.0 0.0 0.0 0.0 0.0 0.0 0.0 0.0 0.0 0.0 0.0 0.0 
16.06636064620544 -18.088904069658355 -41.02779022588662 -43.13118084494109 47.80327908945381 -76.27204734925616 47.18874448481316 1.872318644169655 -57.16803808276531 112.18765295326365 -10.066216581395869 49.63634247349348 -50.71641157882968 -21.360958160769076 31.337743336910744 12.533666601463429 -29.598029233130433 7.918437916209564 52.719052568530074 -20.86443710284469 -112.49401763256476 38.196452206094854 35.26157158408433 -4.353795178808758 305.28178064656566 0.0 0.0 0.0 0.0 0.0 0.0 0.0 0.0 0.0 0.0 0.0 0.0 0.0 0.0 0.0 0.0 0.0 0.0 0.0 0.0 0.0 0.0 0.0 0.0 0.0 
43.05399982032423 -3.6554728950699467 59.255733207106815 56.91533522406647 11.780203018281444 41.67116122529462 168.41536301103173 -212.99584021307737 18.240412272258062 63.68462163423192 96.04919632155092 -118.7313782803935 119.9143364851191 60.94849286652206 -12.606368253760893 -123.30067535744364 40.07374450717784 -49.31523691681178 42.09556049441205 -67.23705722812963 17.19724479936144 -43.084458829937304 95.88343571451331 38.060197685544594 76.97180875328114 350.8042539069691 0.0 0.0 0.0 0.0 0.0 0.0 0.0 0.0 0.0 0.0 0.0 0.0 0.0 0.0 0.0 0.0 0.0 0.0 0.0 0.0 0.0 0.0 0.0 0.0 
-13.191588399181171 -144.45671086429488 20.975331114349444 -27.88939244260654 -147.2620147408373 -50.53834021278757 43.06496469943797 106.84645356760123 38.97113051508282 -68.791678659676 -16.23589885300626 -30.35588827234975 -1.3293826128787243 45.90252975312412 -54.99114191364915 82.55978173297588 11.341135403186179 42.08978927624592 23.117631095355467 52.805759548171295 146.5544639886789 -3.4199070578109265 -30.356278375196435 -7.438065653377058 -68.59743274010054 10.386533663460721 338.78788976538294 0.0 0.0 0.0 0.0 0.0 0.0 0.0 0.0 0.0 0.0 0.0 0.0 0.0 0.0 0.0 0.0 0.0 0.0 0.0 0.0 0.0 0.0 0.0 
25.053906436583024 17.95002439626262 -15.9724487259316 -53.07125846425445 43.29329776848346 23.82727551005463 -2.4981290184709204 -41.465925497376034 -31.227319916149526 38.48473432467099 -40.854281505000415 -64.24793292246329 -9.80961412479286 32.81383340525175 23.58258316356526 143.2271217694403 -100.02378397704513 78.3902551935351 -51.96286120749908 -23.757496496192555 -89.8579833933532 -30.519358786291637 87.0992138816643 -51.446741150956754 10.424980543466575 5.013236177021779 15.927758048302508 257.0796472861715 0.0 0.0 0.0 0.0 0.0 0.0 0.0 0.0 0.0 0.0 0.0 0.0 0.0 0.0 0.0 0.0 0.0 0.0 0.0 0.0 0.0 0.0 
45.82359979126051 -46.824830206795035 16.93889829930274 -48.45004460429352 22.981782896406997 28.171856583740492 132.07398554761934 37.29911008076071 43.51225269820642 111.93120171541098 -25.098684202160626 94.62825937549822 -35.00268078083425 1.5562565395580474 -19.173964125225556 99.35395597005471 0.6535357369119653 102.61423081034853 -70.17568326653654 -41.57424125834413 -57.75667040967279 -47.04179655701486 -27.54404547414062 76.35337436344176 55.925875917209545 51.63481027001997 9.934648468990924 19.77892850914687 280.0093780415623 0.0 0.0 0.0 0.0 0.0 0.0 0.0 0.0 0.0 0.0 0.0 0.0 0.0 0.0 0.0 0.0 0.0 0.0 0.0 0.0 0.0 
-67.08524401866458 4.3466308103697795 71.5899015715436 -55.99569066920986 -45.45508454853716 41.49852796002078 159.64994659969 -16.462839711951247 40.102322324775734 2.1644752826991267 103.58861361413594 -130.0860686758611 -100.73797664045755 -28.835063939747652 20.7770901096241 44.647207053514585 -2.762902849824513 2.147126094105426 -13.19251106281758 38.981861742626684 25.427971941283474 -90.67909189328809 -45.54126592522783 -51.59565113735095 6.686566675521267 2.8744518254166587 40.391688935365934 -29.70909199723914 9.70981394859384 311.00533231747426 0.0 0.0 0.0 0.0 0.0 0.0 0.0 0.0 0.0 0.0 0.0 0.0 0.0 0.0 0.0 0.0 0.0 0.0 0.0 0.0 
-48.38603392138268 68.76167108357342 98.94457076320319 36.78450239261144 -132.68726699372232 -46.19233501836538 -183.798625742703 -8.21086719361093 49.48184564496207 -85.15959295120774 23.508158844148333 -49.48535104836165 -88.47056782198958 20.13398021390914 -31.049055350506627 31.917081225036036 58.20591433481692 -12.8540836328064 -61.80212129094025 -131.6335289157895 113.5589389411276 -19.59326067225993 -33.45859290991496 -32.06282905052156 -28.623296045798703 -270.67050778477164 118.23800885356542 -108.99519915186771 172.80034621227838 80.00846050843502 392.0586395285228 0.0 0.0 0.0 0.0 0.0 0.0 0.0 0.0 0.0 0.0 0.0 0.0 0.0 0.0 0.0 0.0 0.0 0.0 0.0 
-89.73325962408708 22.536284608647637 85.11578608521273 -121.05292411812408 -42.16310934978943 -63.57892557677319 90.48473233382285 126.19806586757781 6.486760546001783 22.53045029244544 -2.1879591590037437 -19.70444909038429 -73.12581674948683 -4.909821262915523 -83.94087228977564 61.70962730019626 57.57092048173065 45.60784090057035 11.166801333630598 -117.39354202531118 7.648098794797818 8.981654750303546 -46.83965328896239 -16.287245441090246 -16.956262966291536 12.28837945084888 58.05032831235192 -158.64203842336727 27.590680715873713 -27.829570474791883 -25.6262127620078 310.48894487084897 0.0 0.0 0.0 0.0 0.0 0.0 0.0 0.0 0.0 0.0 0.0 0.0 0.0 0.0 0.0 0.0 0.0 0.0 
-66.96604441669867 39.924079575361134 205.67500461403236 -10.070772522475833 -13.299466080758808 109.0160847226757 -53.772623740928196 -61.28864616020734 -17.03660336217639 50.16822651147844 58.70647863506834 -95.90996246541708 24.088265554666307 -65.18991007758022 17.488765301742674 -61.52127132323586 -59.46460327787467 72.23670862168683 -84.6083795927015 -30.962796822689874 -94.04525629793348 -71.18497579903479 88.62012015063623 5.981295001749401 66.50070225818962 85.32845259600138 -41.14275495836631 114.24150122067813 -14.920425663123988 129.21504709574705 69.0489175501207 123.0809715696607 295.63555739473225 0.0 0.0 0.0 0.0 0.0 0.0 0.0 0.0 0.0 0.0 0.0 0.0 0.0 0.0 0.0 0.0 0.0 
-146.03936530953393 19.09708218201301 76.86368350666916 -68.05062724725492 2.6789194397972103 -11.73633150558274 -50.489956625192896 44.67716287720669 -50.75522277649745 -15.656938209861417 -68.93843290804662 -56.6738899784871 13.647567146071317 48.60899846274971 35.50002703738022 37.65348488834097 73.15790078562641 110.66440451028595 -48.25751387384163 7.324479350242783 44.16648993174811 -116.09541102697328 -76.30789601361953 -14.943290167072403 -54.16348479986981 82.58836916818856 115.76739480662204 14.840690699718424 34.41527119446349 -40.78281558852912 101.14212068455289 -10.494089294757826 -80.40498407670206 267.95560688315044 0.0 0.0 0.0 0.0 0.0 0.0 0.0 0.0 0.0 0.0 0.0 0.0 0.0 0.0 0.0 0.0 
12.645987293496095 55.66475458534926 43.075968749216315 3.401471036374932 20.526522463962227 44.90709683777402 -35.71934537246732 36.07220186164904 28.810235582933572 0.8707951956510868 28.340112685251576 1.7716973177399034 67.5537297032088 16.240657459891896 20.141689391811283 -38.92541436522377 6.525269167840903 -3.5572209705516236 -28.933900213990214 -58.14962723222302 -0.9087441941801621 -44.22021269354214 0.43488096957256384 34.08149048414812 -54.9578798014356 80.58303169881736 24.057927019036722 -76.64510577655888 -15.287553331147757 -6.746712266478124 22.156427390135836 -92.34358807244512 11.704848016562197 24.644426502091665 234.10420255023212 0.0 0.0 0.0 0.0 0.0 0.0 0.0 0.0 0.0 0.0 0.0 0.0 0.0 0.0 0.0 
116.00003169549726 30.145464881567147 -8.704538723495702 83.17980038022907 -68.4793558619408 -12.975027637534692 -51.73079014983642 -29.970905837347416 64.3902824179536 -58.93015881981112 -34.36612427003488 83.21735363575421 45.28169351163197 114.62216167633659 -6.709739159549221 -122.86915297256863 1.153252857060388 120.05171447846124 7.32745551658559 -33.92600543761895 -25.288866225136427 25.861771420573625 -28.83590369895289 -18.870478174664882 -18.23403196099397 63.92361215610278 -76.54817685784184 44.1315735889146 125.69706084070621 -71.40969115795886 38.2677682181673 2.155445824574122 41.31675281427808 -53.05471096846819 16.058735057347494 218.05673512069345 0.0 0.0 0.0 0.0 0.0 0.0 0.0 0.0 0.0 0.0 0.0 0.0 0.0 0.0 
-20.58086842637775 -21.981475613952366 -19.92708292010463 -8.444343698651025 -42.88904042746449 25.281181455383503 15.968633557827985 38.40594705173077 13.564055050909532 -75.34324634671825 -26.84455983838177 -26.259617434979656 54.77820113264186 22.672506031653153 115.09461233778475 -62.74402186510832 -40.06044853283712 -71.72174857630462 -41.033446046333985 -19.10998392280801 -2.7600066985417464 24.450524463843784 -20.73961194786369 -8.018555233291636 -49.67469106775078 58.95622508335398 25.598669035747577 12.922284531313663 -55.149973913599574 -125.8995580207947 78.5691508374281 -105.5215199499088 -102.81008549982403 -34.334779594176666 54.341565186678785 -10.699069195763839 213.6603485377356 0.0 0.0 0.0 0.0 0.0 0.0 0.0 0.0 0.0 0.0 0.0 0.0 0.0 
-8.193693351362713 -49.82014400617254 -29.139750654718256 -15.536254666486363 33.79264326293177 -55.433634926174314 -74.27909417420143 -22.229615242801884 44.116701826383185 56.65588089959748 41.8044102551833 -40.11804491280868 -31.147576914594964 52.278128617905246 -15.934503687556099 2.519565541261567 63.16399996403844 70.9224363421621 42.82704955584262 -93.40308211363532 -11.891092086432158 -45.19994032792468 55.55881418643168 -58.33540361275263 50.69293175452135 50.27035332539038 47.298264587755966 -57.707124763752056 4.0858057980718625 -14.340419403578576 -45.81418138152287 -47.977802556455416 22.39432829764215 -3.3816056311936875 90.56568931884856 47.90690787970856 23.053540613619962 244.3429160365957 0.0 0.0 0.0 0.0 0.0 0.0 0.0 0.0 0.0 0.0 0.0 0.0 
33.24575161048641 -53.0661060423558 155.99051472250426 -15.477182089618484 7.603985610230382 10.562752494285386 2.5974746648102394 81.16283279002995 97.59190703762596 -39.562080387201476 27.598268297981004 -0.32368171826032965 -26.136572861356672 -64.05019442051815 61.51797779981571 48.01834718141652 15.305597557979489 60.79431430865625 -36.61255934041004 -23.618381065534127 5.100080830382694 -2.7593188779204056 -18.84928721538247 -3.7979713469250425 42.66692659471446 -1.6550956685594724 40.66730724315801 2.3923536138653505 30.066415566357886 30.431879877027235 41.264923618088844 -33.085804306243894 -22.914068320316726 59.57842149033214 -33.173196109068876 -22.37066558369218 -106.9474558304124 50.952011241486424 284.44221133903795 0.0 0.0 0.0 0.0 0.0 0.0 0.0 0.0 0.0 0.0 0.0 
72.36528366238475 -17.053972491398273 -62.59872810819299 30.079910931620176 -34.03466951590165 50.16217573229726 82.17311757266813 -68.85571059168797 -1.6697985464754592 -83.21115697848322 55.122521655940545 -18.965556917512853 38.17918485260471 -65.559154001728 -3.295743947123354 -96.70381492502486 23.676966959443142 -18.38092178166944 21.349476796543733 8.673866369308627 30.88430660476971 -3.445124018428577 75.85490229100438 56.46818334426967 65.51763249519469 -14.28061526623236 22.1951643354508 -8.250595974058749 77.82604419565484 -38.310018855650576 -63.12736603037121 -53.777932228626184 34.16036716259679 59.04138167912831 -7.411643522114565 2.4214124119815743 57.392654675999005 -69.50198883971011 75.08958774535859 178.16199585629147 0.0 0.0 0.0 0.0 0.0 0.0 0.0 0.0 0.0 0.0 
18.73484509168684 53.46917050485015 19.159673186010163 74.43816668719992 62.966563913187024 -31.953207582742248 1.718891461116001 -82.04183909994899 21.500122047837127 73.97075809199247 -14.597289217277563 128.01801981396002 121.2366762966942 -11.061429851242199 -72.24850385461049 -98.77577550513686 -80.50918260214141 -25.11361291234899 -5.461463782101999 -34.794486712466586 -5.5250358764414695 91.36956747170396 32.66693817973828 86.07308755537673 -1.7412221103205259 18.64954704252955 -12.189171182411453 127.42267582324335 8.64236099486671 -65.08057767293761 -11.818187331880496 -95.29772060857755 -97.87308834659774 27.235068641747073 -63.7723350265517 76.19019336195436 40.26994664982216 73.04537565854132 -21.037201579617268 -9.954657685796384 131.41219663428456 0.0 0.0 0.0 0.0 0.0 0.0 0.0 0.0 0.0 
-32.78848002027695 44.74607699859211 58.02693970990134 14.149570543112777 -40.63176085216757 36.44136324613743 -40.701554181457325 36.94696413824663 -54.69602020229965 9.435190875183705 -87.52524592779045 -20.07113580817542 45.124752788799185 5.714118379985966 71.73989686375619 20.45924409634611 -17.867475907005655 32.61751840416226 -65.04899672632011 -25.01744991151234 -49.53662522795572 20.76795764608916 -29.350192085637353 -9.56471143691907 -24.589820423648792 -95.62646412250253 12.645038999016709 61.206328929035074 -22.63261121541171 43.7348296551774 -35.77077954642787 45.308825381174444 23.09577975590711 41.55051353916553 -2.7038591567152666 96.7041184856346 -9.159842912894675 -15.244028396014643 27.2823652938205 68.84969073035231 -1.9462700138870097 160.82342221470722 0.0 0.0 0.0 0.0 0.0 0.0 0.0 0.0 
42.469244055911716 -45.20534596984306 62.0404174740487 -40.91828274527017 -8.1873723699492 12.48803305867377 20.340551227368213 -29.047496387835587 26.746895835874938 -96.68452329640066 -30.751465689231296 26.979203623901984 55.54945282123559 -45.5109491779449 46.402311372883396 -0.44665275361569456 73.29497681798846 -17.82968622097413 44.478771144598674 3.4052752960200228 -18.223193358913296 102.02630559463324 -42.97770374329449 9.244187269345412 -69.30774019795429 -23.446145157621427 2.913464716127567 -30.60084163961307 71.95055719716684 -13.92223259867148 -4.733870966180111 -12.095860540428328 138.69486091690223 39.865435418849074 84.86316332029271 -68.1838838275817 -27.63478049444872 44.20805074932455 -18.47895093343852 -27.056005333595145 0.27505403621740687 -81.63718171752318 112.10113030273327 0.0 0.0 0.0 0.0 0.0 0.0 0.0 
39.9420869984909 -7.946641993104762 -45.06788179927488 -30.864675861405427 64.72492182669453 73.7521142135595 80.34053864758462 -9.79500733091312 -17.065023006945157 -24.665986953554594 -47.08318253851421 95.43152982833895 85.66957743252884 -41.74030188851155 31.680714609012348 19.93182246954449 -15.90000364701996 -14.939356821251453 -6.5165406406503505 -40.57980654548309 -137.28796248134398 46.120327859807055 -9.680633238468245 144.62576915238714 -43.91650244344445 7.492602737623839 9.214877670594914 -64.37781079078111 33.529046665855326 33.779350867353244 -42.153901531931794 -51.7462756314467 64.51980663463107 -21.62804770666261 3.7400166853627526 -34.98403999981714 -10.697163168087934 94.17358826544772 59.81169707012816 64.58783203795078 20.446721645911616 -156.02692977636138 -82.72201975592769 171.92597115889015 0.0 0.0 0.0 0.0 0.0 0.0 
123.29061761846664 -18.096107392649913 -40.873161639201804 10.772886341652365 -70.72832419049124 -17.746204480428396 -121.05753816264772 30.861036717466654 -31.016905303975186 87.02194112842264 -71.47795948047782 9.546240676875946 0.45801882023305385 52.404427221870286 -25.45689422105134 22.71895873440892 -50.98873177466328 22.043779417918703 -3.021906317674889 -58.02846890430448 -57.78193191093477 29.23624942172282 40.55589194900138 -43.60361686084669 8.871037678480057 -115.94490106177291 -0.2243715856423927 4.218515737158066 16.591634810676485 27.453186102060325 -54.5325180971365 67.96243106860824 130.0036534631889 55.634807409392444 -29.836896377303542 82.37759509171626 14.679045972285623 -127.43618277914811 63.09840022465544 -94.32799011815034 16.766116634200383 -11.36557236913932 25.01557184142632 -100.0364738788874 190.4494727475035 0.0 0.0 0.0 0.0 0.0 
-6.047764146059632 18.034253067222284 -102.2028942901746 86.71760959347623 -33.210850343827815 -49.292026777059704 -34.02730686933376 -36.738609769021856 -66.72174313947153 -13.349187234044786 -48.20781810191956 42.838912033926825 -16.21011703763756 8.21119730329514 -39.93144926193715 45.47743197256059 9.354204673116799 16.649426480912606 -8.496687486889313 -23.078822147443297 -26.848888835892836 -20.942939830923507 34.543294551102385 1.8627191630924662 26.37856179927936 -16.695407419482684 -5.446133585845422 -49.16270360490178 23.471602299835133 -24.230314353709026 53.39204973365454 10.52283955282997 -26.363763873607372 -5.014171468222063 -59.98169372515103 26.950262295907162 23.236927765359408 -15.00795061827954 37.87500338756482 -0.6016778490502167 32.03326092231435 -12.855476341080415 104.33873253465546 -94.23741128683166 -74.15074191123254 164.23564508860972 0.0 0.0 0.0 0.0 
18.186761229452532 -15.454891592218083 45.531292064395 39.69107628347716 1.7277659634882647 -3.6224326175044017 166.00689199138967 -111.08478278585224 20.978191978309106 45.00567081561239 -23.48535756513838 5.920967489575985 -53.836370960106315 96.07327666039463 50.785859375821694 14.004882741537733 -104.19938320269803 -61.538452298455695 -60.96865389815093 -56.16786774760546 -12.650824640346858 -62.02222833401954 -6.834626223487757 99.52405490863661 188.1657412168485 93.90218973803009 20.584693022924323 -8.731093589232824 20.37577200376307 -50.785966311865046 14.173711002099996 -55.633783760221064 -29.878619732325355 0.2023667677623287 61.87499552867366 13.675172575830272 -173.6240899782223 32.7742985893305 52.80911046564277 -39.0118169186698 47.768074646409595 28.4129798693712 -45.39683024284948 19.867590526794007 27.36925375990743 -44.360410675394554 84.88571897676997 0.0 0.0 0.0 
48.78430709095424 -57.09682222648616 9.652034177486348 37.00231801074472 -11.624309533479144 -3.3566871749287395 142.75265477791845 -31.570222948031354 74.75610124224852 46.96613404651065 -33.84685895621858 26.663877147598296 29.285568106406377 -135.92436828945333 19.64789582397846 3.8825717998728386 -27.568798938911318 -145.43251638875861 169.14343485584922 13.510855293516618 14.702098857848304 -31.15846873304658 15.875883348509046 -103.01401003861986 91.97380021468017 -19.191309664655286 3.2000330273629727 11.442477442915402 -75.91905824063369 99.65314367060195 -17.789689756498753 29.530640790571784 -53.39242658910244 -20.867663612772418 125.70908802523424 -101.28681578051241 -20.167007635243415 -34.11855974114657 28.384798360698717 16.302812056120615 177.86641264390147 -95.8853067087725 -19.334483930924467 59.96675542891065 59.21194900881761 -30.011112491153533 62.652049124966894 157.72073795263046 0.0 0.0 
3.7010710379059533 -33.023319912296245 40.721038390742635 2.406060410967404 87.24103921202122 28.14271737830265 66.43565978979636 -36.921964548136756 25.624353074263034 23.533846999233894 -18.14225481844348 44.312640284174236 -29.029307861844835 -21.595603592787185 -3.1954891125672567 41.67425063141239 -38.64784952242378 -84.60565586972497 -31.025550771910517 31.715871608962157 -51.02386787099077 -27.492154651454925 -26.16209312234045 52.80134027639123 33.703434345128024 -12.017070900758782 -1.036310885605772 46.610600107696804 9.956688826772519 73.3581690557672 -22.455420654161003 24.655280706852956 -43.163873258057784 -26.18184921257181 108.42499515303501 4.36680475817881 47.285855125019935 33.742319131684255 91.06984136045622 -70.50674713816224 -46.304682352430895 -63.0830558772885 22.989218175350082 16.499488255543827 35.504990308852626 -41.871594740442944 -48.07342648171352 16.37984053962238 94.65411459406084 0.0 
-11.606076457016352 -52.87392488162767 -54.07978270211937 -57.27668241899646 -11.703928665995482 -40.48285976617077 82.67546127538928 -52.476587132054256 35.78741878001608 41.44398303836243 -38.78561135988217 13.34096242454098 15.134375461708144 5.54493849119474 15.213715985757304 26.356618109626282 44.275757484451276 25.57959336155995 -15.026546640371873 -42.03608935010565 -40.14137142540717 -33.761913184607266 2.398550922381486 25.183914137832954 54.446693019418184 23.066255901527686 79.39306477310376 -105.93913100962207 -58.562253826275544 90.26444233853209 12.719851124391536 43.40246859125503 -34.32830949037046 -49.17190785012168 53.26707064531429 -168.5323664782745 72.55086776325805 49.69814167363378 41.18779072878141 -45.43378690552589 50.17842975020226 128.39602305421568 -24.806909926149565 -31.347703109529636 52.28395851481418 -64.2613526460844 44.70255710016819 45.66124048730762 -15.61838887568897 100.85033298370783 
